50.25,25.95,57.75,49.65,48.45,50.25
44.55,57.75,49.65,48.45,50.25,44.55
47.55,49.65,48.45,50.25,44.55,47.55
45.5,48.45,50.25,44.55,47.55,45.5
48.3,50.25,44.55,47.55,45.5,48.3
48.5,44.55,47.55,45.5,48.3,48.5
46.3,47.55,45.5,48.3,48.5,46.3
50.15,45.5,48.3,48.5,46.3,50.15
49.75,48.3,48.5,46.3,50.15,49.75
54.75,48.5,46.3,50.15,49.75,54.75
50.25,46.3,50.15,49.75,54.75,50.25
56.2,50.15,49.75,54.75,50.25,56.2
55.65,49.75,54.75,50.25,56.2,55.65
44.75,54.75,50.25,56.2,55.65,44.75
45.7,50.25,56.2,55.65,44.75,45.7
51.85,56.2,55.65,44.75,45.7,51.85
46.65,55.65,44.75,45.7,51.85,46.65
51.35,44.75,45.7,51.85,46.65,51.35
43.2,45.7,51.85,46.65,51.35,43.2
45.75,51.85,46.65,51.35,43.2,45.75
50.25,46.65,51.35,43.2,45.75,50.25
69.95,51.35,43.2,45.75,50.25,69.95
45.2,43.2,45.75,50.25,69.95,45.2
56.8,45.75,50.25,69.95,45.2,56.8
55.45,50.25,69.95,45.2,56.8,55.45
33.05,69.95,45.2,56.8,55.45,33.05
46.25,45.2,56.8,55.45,33.05,46.25
39.45,56.8,55.45,33.05,46.25,39.45
49.7,55.45,33.05,46.25,39.45,49.7
57.3,33.05,46.25,39.45,49.7,57.3
56.15,46.25,39.45,49.7,57.3,56.15
49.3,39.45,49.7,57.3,56.15,49.3
45.95,49.7,57.3,56.15,49.3,45.95
45.65,57.3,56.15,49.3,45.95,45.65
51.0,56.15,49.3,45.95,45.65,51.0
34.35,49.3,45.95,45.65,51.0,34.35
46.1,45.95,45.65,51.0,34.35,46.1
47.35,45.65,51.0,34.35,46.1,47.35
54.3,51.0,34.35,46.1,47.35,54.3
39.55,34.35,46.1,47.35,54.3,39.55
51.4,46.1,47.35,54.3,39.55,51.4
39.9,47.35,54.3,39.55,51.4,39.9
59.45,54.3,39.55,51.4,39.9,59.45
45.75,39.55,51.4,39.9,59.45,45.75
42.55,51.4,39.9,59.45,45.75,42.55
56.2,39.9,59.45,45.75,42.55,56.2
58.75,59.45,45.75,42.55,56.2,58.75
53.5,45.75,42.55,56.2,58.75,53.5
41.05,42.55,56.2,58.75,53.5,41.05
41.0,56.2,58.75,53.5,41.05,41.0
55.0,58.75,53.5,41.05,41.0,55.0
53.5,53.5,41.05,41.0,55.0,53.5
52.35,41.05,41.0,55.0,53.5,52.35
50.65,41.0,55.0,53.5,52.35,50.65
54.2,55.0,53.5,52.35,50.65,54.2
50.65,53.5,52.35,50.65,54.2,50.65
41.45,52.35,50.65,54.2,50.65,41.45
51.2,50.65,54.2,50.65,41.45,51.2
56.0,54.2,50.65,41.45,51.2,56.0
58.0,50.65,41.45,51.2,56.0,58.0
44.65,41.45,51.2,56.0,58.0,44.65
55.45,51.2,56.0,58.0,44.65,55.45
47.3,56.0,58.0,44.65,55.45,47.3
52.85,58.0,44.65,55.45,47.3,52.85
31.3,44.65,55.45,47.3,52.85,31.3
43.65,55.45,47.3,52.85,31.3,43.65
35.15,47.3,52.85,31.3,43.65,35.15
47.85,52.85,31.3,43.65,35.15,47.85
50.45,31.3,43.65,35.15,47.85,50.45
44.45,43.65,35.15,47.85,50.45,44.45
44.75,35.15,47.85,50.45,44.45,44.75
57.0,47.85,50.45,44.45,44.75,57.0
47.55,50.45,44.45,44.75,57.0,47.55
45.15,44.45,44.75,57.0,47.55,45.15
49.15,44.75,57.0,47.55,45.15,49.15
44.75,57.0,47.55,45.15,49.15,44.75
54.05,47.55,45.15,49.15,44.75,54.05
44.45,45.15,49.15,44.75,54.05,44.45
54.9,49.15,44.75,54.05,44.45,54.9
52.1,44.75,54.05,44.45,54.9,52.1
55.25,54.05,44.45,54.9,52.1,55.25
50.3,44.45,54.9,52.1,55.25,50.3
45.15,54.9,52.1,55.25,50.3,45.15
55.8,52.1,55.25,50.3,45.15,55.8
43.05,55.25,50.3,45.15,55.8,43.05
53.1,50.3,45.15,55.8,43.05,53.1
46.45,45.15,55.8,43.05,53.1,46.45
43.45,55.8,43.05,53.1,46.45,43.45
46.25,43.05,53.1,46.45,43.45,46.25
52.7,53.1,46.45,43.45,46.25,52.7
52.9,46.45,43.45,46.25,52.7,52.9
51.05,43.45,46.25,52.7,52.9,51.05
51.35,46.25,52.7,52.9,51.05,51.35
57.1,52.7,52.9,51.05,51.35,57.1
45.05,52.9,51.05,51.35,57.1,45.05
