40.0,54.2,43.35,38.3,54.9,40.0
52.35,43.35,38.3,54.9,40.0,52.35
49.25,38.3,54.9,40.0,52.35,49.25
57.45,54.9,40.0,52.35,49.25,57.45
51.7,40.0,52.35,49.25,57.45,51.7
45.5,52.35,49.25,57.45,51.7,45.5
54.15,49.25,57.45,51.7,45.5,54.15
51.35,57.45,51.7,45.5,54.15,51.35
44.6,51.7,45.5,54.15,51.35,44.6
38.65,45.5,54.15,51.35,44.6,38.65
48.25,54.15,51.35,44.6,38.65,48.25
53.45,51.35,44.6,38.65,48.25,53.45
55.95,44.6,38.65,48.25,53.45,55.95
52.05,38.65,48.25,53.45,55.95,52.05
47.6,48.25,53.45,55.95,52.05,47.6
45.4,53.45,55.95,52.05,47.6,45.4
55.65,55.95,52.05,47.6,45.4,55.65
54.55,52.05,47.6,45.4,55.65,54.55
44.65,47.6,45.4,55.65,54.55,44.65
42.35,45.4,55.65,54.55,44.65,42.35
52.0,55.65,54.55,44.65,42.35,52.0
48.65,54.55,44.65,42.35,52.0,48.65
45.15,44.65,42.35,52.0,48.65,45.15
59.25,42.35,52.0,48.65,45.15,59.25
46.95,52.0,48.65,45.15,59.25,46.95
42.9,48.65,45.15,59.25,46.95,42.9
37.9,45.15,59.25,46.95,42.9,37.9
47.0,59.25,46.95,42.9,37.9,47.0
51.2,46.95,42.9,37.9,47.0,51.2
47.6,42.9,37.9,47.0,51.2,47.6
43.15,37.9,47.0,51.2,47.6,43.15
67.05,47.0,51.2,47.6,43.15,67.05
56.2,51.2,47.6,43.15,67.05,56.2
44.3,47.6,43.15,67.05,56.2,44.3
44.9,43.15,67.05,56.2,44.3,44.9
41.1,67.05,56.2,44.3,44.9,41.1
55.7,56.2,44.3,44.9,41.1,55.7
52.5,44.3,44.9,41.1,55.7,52.5
49.3,44.9,41.1,55.7,52.5,49.3
39.25,41.1,55.7,52.5,49.3,39.25
51.85,55.7,52.5,49.3,39.25,51.85
39.2,52.5,49.3,39.25,51.85,39.2
46.45,49.3,39.25,51.85,39.2,46.45
53.5,39.25,51.85,39.2,46.45,53.5
43.9,51.85,39.2,46.45,53.5,43.9
49.9,39.2,46.45,53.5,43.9,49.9
58.75,46.45,53.5,43.9,49.9,58.75
41.5,53.5,43.9,49.9,58.75,41.5
48.05,43.9,49.9,58.75,41.5,48.05
28.85,49.9,58.75,41.5,48.05,28.85
53.8,58.75,41.5,48.05,28.85,53.8
51.45,41.5,48.05,28.85,53.8,51.45
53.85,48.05,28.85,53.8,51.45,53.85
52.25,28.85,53.8,51.45,53.85,52.25
45.8,53.8,51.45,53.85,52.25,45.8
43.5,51.45,53.85,52.25,45.8,43.5
53.9,53.85,52.25,45.8,43.5,53.9
53.25,52.25,45.8,43.5,53.9,53.25
42.8,45.8,43.5,53.9,53.25,42.8
49.95,43.5,53.9,53.25,42.8,49.95
48.95,53.9,53.25,42.8,49.95,48.95
42.5,53.25,42.8,49.95,48.95,42.5
49.6,42.8,49.95,48.95,42.5,49.6
46.25,49.95,48.95,42.5,49.6,46.25
52.5,48.95,42.5,49.6,46.25,52.5
41.3,42.5,49.6,46.25,52.5,41.3
44.35,49.6,46.25,52.5,41.3,44.35
43.9,46.25,52.5,41.3,44.35,43.9
48.45,52.5,41.3,44.35,43.9,48.45
41.3,41.3,44.35,43.9,48.45,41.3
30.45,44.35,43.9,48.45,41.3,30.45
50.85,43.9,48.45,41.3,30.45,50.85
33.95,48.45,41.3,30.45,50.85,33.95
50.95,41.3,30.45,50.85,33.95,50.95
52.7,30.45,50.85,33.95,50.95,52.7
46.65,50.85,33.95,50.95,52.7,46.65
33.25,33.95,50.95,52.7,46.65,33.25
49.6,50.95,52.7,46.65,33.25,49.6
58.15,52.7,46.65,33.25,49.6,58.15
37.85,46.65,33.25,49.6,58.15,37.85
37.75,33.25,49.6,58.15,37.85,37.75
51.1,49.6,58.15,37.85,37.75,51.1
52.5,58.15,37.85,37.75,51.1,52.5
53.95,37.85,37.75,51.1,52.5,53.95
39.45,37.75,51.1,52.5,53.95,39.45
43.6,51.1,52.5,53.95,39.45,43.6
50.25,52.5,53.95,39.45,43.6,50.25
42.4,53.95,39.45,43.6,50.25,42.4
52.1,39.45,43.6,50.25,42.4,52.1
54.2,43.6,50.25,42.4,52.1,54.2
50.0,50.25,42.4,52.1,54.2,50.0
53.55,42.4,52.1,54.2,50.0,53.55
39.35,52.1,54.2,50.0,53.55,39.35
46.7,54.2,50.0,53.55,39.35,46.7
48.05,50.0,53.55,39.35,46.7,48.05
