53.9,48.05,52.45,46.55,55.05,53.9
49.15,52.45,46.55,55.05,53.9,49.15
45.75,46.55,55.05,53.9,49.15,45.75
55.85,55.05,53.9,49.15,45.75,55.85
50.2,53.9,49.15,45.75,55.85,50.2
51.35,49.15,45.75,55.85,50.2,51.35
44.05,45.75,55.85,50.2,51.35,44.05
52.8,55.85,50.2,51.35,44.05,52.8
38.55,50.2,51.35,44.05,52.8,38.55
50.45,51.35,44.05,52.8,38.55,50.45
54.8,44.05,52.8,38.55,50.45,54.8
50.05,52.8,38.55,50.45,54.8,50.05
42.5,38.55,50.45,54.8,50.05,42.5
42.55,50.45,54.8,50.05,42.5,42.55
51.05,54.8,50.05,42.5,42.55,51.05
44.45,50.05,42.5,42.55,51.05,44.45
58.95,42.5,42.55,51.05,44.45,58.95
51.4,42.55,51.05,44.45,58.95,51.4
40.4,51.05,44.45,58.95,51.4,40.4
33.25,44.45,58.95,51.4,40.4,33.25
48.9,58.95,51.4,40.4,33.25,48.9
51.2,51.4,40.4,33.25,48.9,51.2
37.55,40.4,33.25,48.9,51.2,37.55
46.4,33.25,48.9,51.2,37.55,46.4
49.4,48.9,51.2,37.55,46.4,49.4
45.6,51.2,37.55,46.4,49.4,45.6
50.15,37.55,46.4,49.4,45.6,50.15
45.2,46.4,49.4,45.6,50.15,45.2
51.45,49.4,45.6,50.15,45.2,51.45
48.15,45.6,50.15,45.2,51.45,48.15
47.6,50.15,45.2,51.45,48.15,47.6
45.35,45.2,51.45,48.15,47.6,45.35
48.2,51.45,48.15,47.6,45.35,48.2
56.45,48.15,47.6,45.35,48.2,56.45
44.55,47.6,45.35,48.2,56.45,44.55
29.1,45.35,48.2,56.45,44.55,29.1
47.6,48.2,56.45,44.55,29.1,47.6
48.15,56.45,44.55,29.1,47.6,48.15
52.9,44.55,29.1,47.6,48.15,52.9
51.75,29.1,47.6,48.15,52.9,51.75
34.5,47.6,48.15,52.9,51.75,34.5
55.3,48.15,52.9,51.75,34.5,55.3
45.85,52.9,51.75,34.5,55.3,45.85
69.7,51.75,34.5,55.3,45.85,69.7
55.35,34.5,55.3,45.85,69.7,55.35
41.4,55.3,45.85,69.7,55.35,41.4
33.9,45.85,69.7,55.35,41.4,33.9
50.4,69.7,55.35,41.4,33.9,50.4
43.65,55.35,41.4,33.9,50.4,43.65
52.85,41.4,33.9,50.4,43.65,52.85
55.65,33.9,50.4,43.65,52.85,55.65
51.7,50.4,43.65,52.85,55.65,51.7
42.65,43.65,52.85,55.65,51.7,42.65
35.1,52.85,55.65,51.7,42.65,35.1
45.6,55.65,51.7,42.65,35.1,45.6
43.35,51.7,42.65,35.1,45.6,43.35
55.45,42.65,35.1,45.6,43.35,55.45
55.5,35.1,45.6,43.35,55.45,55.5
49.25,45.6,43.35,55.45,55.5,49.25
50.0,43.35,55.45,55.5,49.25,50.0
48.3,55.45,55.5,49.25,50.0,48.3
49.55,55.5,49.25,50.0,48.3,49.55
43.5,49.25,50.0,48.3,49.55,43.5
48.25,50.0,48.3,49.55,43.5,48.25
57.7,48.3,49.55,43.5,48.25,57.7
43.1,49.55,43.5,48.25,57.7,43.1
40.25,43.5,48.25,57.7,43.1,40.25
68.75,48.25,57.7,43.1,40.25,68.75
45.9,57.7,43.1,40.25,68.75,45.9
50.8,43.1,40.25,68.75,45.9,50.8
47.15,40.25,68.75,45.9,50.8,47.15
51.05,68.75,45.9,50.8,47.15,51.05
36.85,45.9,50.8,47.15,51.05,36.85
46.2,50.8,47.15,51.05,36.85,46.2
58.4,47.15,51.05,36.85,46.2,58.4
45.35,51.05,36.85,46.2,58.4,45.35
50.15,36.85,46.2,58.4,45.35,50.15
48.35,46.2,58.4,45.35,50.15,48.35
47.55,58.4,45.35,50.15,48.35,47.55
49.5,45.35,50.15,48.35,47.55,49.5
50.1,50.15,48.35,47.55,49.5,50.1
51.25,48.35,47.55,49.5,50.1,51.25
49.1,47.55,49.5,50.1,51.25,49.1
47.4,49.5,50.1,51.25,49.1,47.4
52.6,50.1,51.25,49.1,47.4,52.6
39.3,51.25,49.1,47.4,52.6,39.3
51.05,49.1,47.4,52.6,39.3,51.05
52.55,47.4,52.6,39.3,51.05,52.55
42.5,52.6,39.3,51.05,52.55,42.5
50.0,39.3,51.05,52.55,42.5,50.0
55.15,51.05,52.55,42.5,50.0,55.15
58.25,52.55,42.5,50.0,55.15,58.25
58.15,42.5,50.0,55.15,58.25,58.15
45.9,50.0,55.15,58.25,58.15,45.9
48.6,55.15,58.25,58.15,45.9,48.6
