50.8,44.85,41.0,47.4,41.45,50.8
49.25,41.0,47.4,41.45,50.8,49.25
41.5,47.4,41.45,50.8,49.25,41.5
43.3,41.45,50.8,49.25,41.5,43.3
44.3,50.8,49.25,41.5,43.3,44.3
45.95,49.25,41.5,43.3,44.3,45.95
56.85,41.5,43.3,44.3,45.95,56.85
56.85,43.3,44.3,45.95,56.85,56.85
46.15,44.3,45.95,56.85,56.85,46.15
48.5,45.95,56.85,56.85,46.15,48.5
54.45,56.85,56.85,46.15,48.5,54.45
52.05,56.85,46.15,48.5,54.45,52.05
48.85,46.15,48.5,54.45,52.05,48.85
47.95,48.5,54.45,52.05,48.85,47.95
54.7,54.45,52.05,48.85,47.95,54.7
51.9,52.05,48.85,47.95,54.7,51.9
46.85,48.85,47.95,54.7,51.9,46.85
39.7,47.95,54.7,51.9,46.85,39.7
46.5,54.7,51.9,46.85,39.7,46.5
53.25,51.9,46.85,39.7,46.5,53.25
58.8,46.85,39.7,46.5,53.25,58.8
39.15,39.7,46.5,53.25,58.8,39.15
57.3,46.5,53.25,58.8,39.15,57.3
53.35,53.25,58.8,39.15,57.3,53.35
35.2,58.8,39.15,57.3,53.35,35.2
49.95,39.15,57.3,53.35,35.2,49.95
45.8,57.3,53.35,35.2,49.95,45.8
47.8,53.35,35.2,49.95,45.8,47.8
57.35,35.2,49.95,45.8,47.8,57.35
53.05,49.95,45.8,47.8,57.35,53.05
55.55,45.8,47.8,57.35,53.05,55.55
39.35,47.8,57.35,53.05,55.55,39.35
51.6,57.35,53.05,55.55,39.35,51.6
55.55,53.05,55.55,39.35,51.6,55.55
44.45,55.55,39.35,51.6,55.55,44.45
52.05,39.35,51.6,55.55,44.45,52.05
44.7,51.6,55.55,44.45,52.05,44.7
29.3,55.55,44.45,52.05,44.7,29.3
53.65,44.45,52.05,44.7,29.3,53.65
48.45,52.05,44.7,29.3,53.65,48.45
51.15,44.7,29.3,53.65,48.45,51.15
52.5,29.3,53.65,48.45,51.15,52.5
58.0,53.65,48.45,51.15,52.5,58.0
47.25,48.45,51.15,52.5,58.0,47.25
41.15,51.15,52.5,58.0,47.25,41.15
53.25,52.5,58.0,47.25,41.15,53.25
43.8,58.0,47.25,41.15,53.25,43.8
51.25,47.25,41.15,53.25,43.8,51.25
54.65,41.15,53.25,43.8,51.25,54.65
57.05,53.25,43.8,51.25,54.65,57.05
51.0,43.8,51.25,54.65,57.05,51.0
53.0,51.25,54.65,57.05,51.0,53.0
48.1,54.65,57.05,51.0,53.0,48.1
30.5,57.05,51.0,53.0,48.1,30.5
53.85,51.0,53.0,48.1,30.5,53.85
57.05,53.0,48.1,30.5,53.85,57.05
51.4,48.1,30.5,53.85,57.05,51.4
48.15,30.5,53.85,57.05,51.4,48.15
55.7,53.85,57.05,51.4,48.15,55.7
51.8,57.05,51.4,48.15,55.7,51.8
41.35,51.4,48.15,55.7,51.8,41.35
38.45,48.15,55.7,51.8,41.35,38.45
48.65,55.7,51.8,41.35,38.45,48.65
42.7,51.8,41.35,38.45,48.65,42.7
54.85,41.35,38.45,48.65,42.7,54.85
56.6,38.45,48.65,42.7,54.85,56.6
58.15,48.65,42.7,54.85,56.6,58.15
58.2,42.7,54.85,56.6,58.15,58.2
39.55,54.85,56.6,58.15,58.2,39.55
55.45,56.6,58.15,58.2,39.55,55.45
44.75,58.15,58.2,39.55,55.45,44.75
42.35,58.2,39.55,55.45,44.75,42.35
52.5,39.55,55.45,44.75,42.35,52.5
41.9,55.45,44.75,42.35,52.5,41.9
53.45,44.75,42.35,52.5,41.9,53.45
47.0,42.35,52.5,41.9,53.45,47.0
41.75,52.5,41.9,53.45,47.0,41.75
47.15,41.9,53.45,47.0,41.75,47.15
53.75,53.45,47.0,41.75,47.15,53.75
55.2,47.0,41.75,47.15,53.75,55.2
39.55,41.75,47.15,53.75,55.2,39.55
37.75,47.15,53.75,55.2,39.55,37.75
52.85,53.75,55.2,39.55,37.75,52.85
43.25,55.2,39.55,37.75,52.85,43.25
50.95,39.55,37.75,52.85,43.25,50.95
48.15,37.75,52.85,43.25,50.95,48.15
44.9,52.85,43.25,50.95,48.15,44.9
42.35,43.25,50.95,48.15,44.9,42.35
45.05,50.95,48.15,44.9,42.35,45.05
45.4,48.15,44.9,42.35,45.05,45.4
67.3,44.9,42.35,45.05,45.4,67.3
52.3,42.35,45.05,45.4,67.3,52.3
36.65,45.05,45.4,67.3,52.3,36.65
44.55,45.4,67.3,52.3,36.65,44.55
46.7,67.3,52.3,36.65,44.55,46.7
