48.8,47.0,45.7,47.6,49.75,48.8
53.2,45.7,47.6,49.75,48.8,53.2
73.5,47.6,49.75,48.8,53.2,73.5
47.5,49.75,48.8,53.2,73.5,47.5
41.2,48.8,53.2,73.5,47.5,41.2
49.9,53.2,73.5,47.5,41.2,49.9
57.55,73.5,47.5,41.2,49.9,57.55
46.8,47.5,41.2,49.9,57.55,46.8
29.35,41.2,49.9,57.55,46.8,29.35
46.3,49.9,57.55,46.8,29.35,46.3
47.7,57.55,46.8,29.35,46.3,47.7
52.05,46.8,29.35,46.3,47.7,52.05
53.65,29.35,46.3,47.7,52.05,53.65
59.3,46.3,47.7,52.05,53.65,59.3
48.8,47.7,52.05,53.65,59.3,48.8
50.8,52.05,53.65,59.3,48.8,50.8
37.25,53.65,59.3,48.8,50.8,37.25
52.95,59.3,48.8,50.8,37.25,52.95
45.85,48.8,50.8,37.25,52.95,45.85
33.8,50.8,37.25,52.95,45.85,33.8
43.0,37.25,52.95,45.85,33.8,43.0
53.15,52.95,45.85,33.8,43.0,53.15
41.35,45.85,33.8,43.0,53.15,41.35
42.4,33.8,43.0,53.15,41.35,42.4
51.2,43.0,53.15,41.35,42.4,51.2
45.35,53.15,41.35,42.4,51.2,45.35
54.85,41.35,42.4,51.2,45.35,54.85
40.8,42.4,51.2,45.35,54.85,40.8
44.45,51.2,45.35,54.85,40.8,44.45
71.2,45.35,54.85,40.8,44.45,71.2
57.6,54.85,40.8,44.45,71.2,57.6
47.05,40.8,44.45,71.2,57.6,47.05
55.05,44.45,71.2,57.6,47.05,55.05
44.1,71.2,57.6,47.05,55.05,44.1
45.2,57.6,47.05,55.05,44.1,45.2
47.95,47.05,55.05,44.1,45.2,47.95
57.2,55.05,44.1,45.2,47.95,57.2
47.45,44.1,45.2,47.95,57.2,47.45
49.7,45.2,47.95,57.2,47.45,49.7
40.45,47.95,57.2,47.45,49.7,40.45
46.4,57.2,47.45,49.7,40.45,46.4
57.8,47.45,49.7,40.45,46.4,57.8
58.3,49.7,40.45,46.4,57.8,58.3
53.35,40.45,46.4,57.8,58.3,53.35
39.5,46.4,57.8,58.3,53.35,39.5
34.0,57.8,58.3,53.35,39.5,34.0
55.55,58.3,53.35,39.5,34.0,55.55
38.2,53.35,39.5,34.0,55.55,38.2
44.3,39.5,34.0,55.55,38.2,44.3
53.05,34.0,55.55,38.2,44.3,53.05
34.5,55.55,38.2,44.3,53.05,34.5
53.1,38.2,44.3,53.05,34.5,53.1
45.4,44.3,53.05,34.5,53.1,45.4
49.35,53.05,34.5,53.1,45.4,49.35
55.0,34.5,53.1,45.4,49.35,55.0
54.35,53.1,45.4,49.35,55.0,54.35
48.85,45.4,49.35,55.0,54.35,48.85
58.6,49.35,55.0,54.35,48.85,58.6
37.95,55.0,54.35,48.85,58.6,37.95
48.8,54.35,48.85,58.6,37.95,48.8
52.95,48.85,58.6,37.95,48.8,52.95
52.05,58.6,37.95,48.8,52.95,52.05
54.45,37.95,48.8,52.95,52.05,54.45
40.4,48.8,52.95,52.05,54.45,40.4
46.95,52.95,52.05,54.45,40.4,46.95
39.3,52.05,54.45,40.4,46.95,39.3
41.4,54.45,40.4,46.95,39.3,41.4
51.6,40.4,46.95,39.3,41.4,51.6
59.45,46.95,39.3,41.4,51.6,59.45
70.95,39.3,41.4,51.6,59.45,70.95
53.25,41.4,51.6,59.45,70.95,53.25
53.3,51.6,59.45,70.95,53.25,53.3
41.8,59.45,70.95,53.25,53.3,41.8
49.55,70.95,53.25,53.3,41.8,49.55
34.2,53.25,53.3,41.8,49.55,34.2
46.35,53.3,41.8,49.55,34.2,46.35
49.55,41.8,49.55,34.2,46.35,49.55
37.25,49.55,34.2,46.35,49.55,37.25
44.75,34.2,46.35,49.55,37.25,44.75
58.0,46.35,49.55,37.25,44.75,58.0
55.15,49.55,37.25,44.75,58.0,55.15
33.3,37.25,44.75,58.0,55.15,33.3
48.1,44.75,58.0,55.15,33.3,48.1
53.85,58.0,55.15,33.3,48.1,53.85
50.85,55.15,33.3,48.1,53.85,50.85
46.2,33.3,48.1,53.85,50.85,46.2
47.3,48.1,53.85,50.85,46.2,47.3
48.1,53.85,50.85,46.2,47.3,48.1
56.6,50.85,46.2,47.3,48.1,56.6
54.55,46.2,47.3,48.1,56.6,54.55
45.95,47.3,48.1,56.6,54.55,45.95
50.4,48.1,56.6,54.55,45.95,50.4
49.4,56.6,54.55,45.95,50.4,49.4
52.6,54.55,45.95,50.4,49.4,52.6
55.75,45.95,50.4,49.4,52.6,55.75
