50.6,51.6,47.75,57.5,45.2,50.6
57.45,47.75,57.5,45.2,50.6,57.45
45.8,57.5,45.2,50.6,57.45,45.8
57.95,45.2,50.6,57.45,45.8,57.95
46.95,50.6,57.45,45.8,57.95,46.95
59.3,57.45,45.8,57.95,46.95,59.3
41.9,45.8,57.95,46.95,59.3,41.9
47.05,57.95,46.95,59.3,41.9,47.05
53.9,46.95,59.3,41.9,47.05,53.9
56.6,59.3,41.9,47.05,53.9,56.6
38.8,41.9,47.05,53.9,56.6,38.8
48.5,47.05,53.9,56.6,38.8,48.5
52.55,53.9,56.6,38.8,48.5,52.55
56.3,56.6,38.8,48.5,52.55,56.3
37.9,38.8,48.5,52.55,56.3,37.9
53.75,48.5,52.55,56.3,37.9,53.75
40.85,52.55,56.3,37.9,53.75,40.85
40.15,56.3,37.9,53.75,40.85,40.15
48.0,37.9,53.75,40.85,40.15,48.0
57.65,53.75,40.85,40.15,48.0,57.65
47.75,40.85,40.15,48.0,57.65,47.75
51.2,40.15,48.0,57.65,47.75,51.2
55.75,48.0,57.65,47.75,51.2,55.75
56.5,57.65,47.75,51.2,55.75,56.5
38.55,47.75,51.2,55.75,56.5,38.55
51.0,51.2,55.75,56.5,38.55,51.0
51.4,55.75,56.5,38.55,51.0,51.4
53.15,56.5,38.55,51.0,51.4,53.15
41.25,38.55,51.0,51.4,53.15,41.25
56.25,51.0,51.4,53.15,41.25,56.25
46.25,51.4,53.15,41.25,56.25,46.25
43.35,53.15,41.25,56.25,46.25,43.35
52.45,41.25,56.25,46.25,43.35,52.45
51.5,56.25,46.25,43.35,52.45,51.5
45.8,46.25,43.35,52.45,51.5,45.8
50.1,43.35,52.45,51.5,45.8,50.1
46.15,52.45,51.5,45.8,50.1,46.15
57.45,51.5,45.8,50.1,46.15,57.45
44.2,45.8,50.1,46.15,57.45,44.2
55.1,50.1,46.15,57.45,44.2,55.1
42.1,46.15,57.45,44.2,55.1,42.1
56.2,57.45,44.2,55.1,42.1,56.2
46.55,44.2,55.1,42.1,56.2,46.55
45.1,55.1,42.1,56.2,46.55,45.1
70.8,42.1,56.2,46.55,45.1,70.8
43.7,56.2,46.55,45.1,70.8,43.7
56.5,46.55,45.1,70.8,43.7,56.5
44.55,45.1,70.8,43.7,56.5,44.55
54.1,70.8,43.7,56.5,44.55,54.1
44.7,43.7,56.5,44.55,54.1,44.7
48.9,56.5,44.55,54.1,44.7,48.9
46.05,44.55,54.1,44.7,48.9,46.05
47.95,54.1,44.7,48.9,46.05,47.95
33.2,44.7,48.9,46.05,47.95,33.2
45.6,48.9,46.05,47.95,33.2,45.6
40.35,46.05,47.95,33.2,45.6,40.35
52.5,47.95,33.2,45.6,40.35,52.5
50.75,33.2,45.6,40.35,52.5,50.75
49.1,45.6,40.35,52.5,50.75,49.1
28.2,40.35,52.5,50.75,49.1,28.2
59.55,52.5,50.75,49.1,28.2,59.55
48.1,50.75,49.1,28.2,59.55,48.1
44.2,49.1,28.2,59.55,48.1,44.2
49.15,28.2,59.55,48.1,44.2,49.15
53.1,59.55,48.1,44.2,49.15,53.1
55.95,48.1,44.2,49.15,53.1,55.95
49.7,44.2,49.15,53.1,55.95,49.7
52.05,49.15,53.1,55.95,49.7,52.05
68.6,53.1,55.95,49.7,52.05,68.6
51.3,55.95,49.7,52.05,68.6,51.3
51.2,49.7,52.05,68.6,51.3,51.2
45.5,52.05,68.6,51.3,51.2,45.5
51.4,68.6,51.3,51.2,45.5,51.4
38.75,51.3,51.2,45.5,51.4,38.75
44.9,51.2,45.5,51.4,38.75,44.9
43.25,45.5,51.4,38.75,44.9,43.25
59.0,51.4,38.75,44.9,43.25,59.0
53.3,38.75,44.9,43.25,59.0,53.3
44.75,44.9,43.25,59.0,53.3,44.75
44.15,43.25,59.0,53.3,44.75,44.15
49.4,59.0,53.3,44.75,44.15,49.4
52.6,53.3,44.75,44.15,49.4,52.6
52.15,44.75,44.15,49.4,52.6,52.15
48.5,44.15,49.4,52.6,52.15,48.5
52.15,49.4,52.6,52.15,48.5,52.15
50.55,52.6,52.15,48.5,52.15,50.55
50.0,52.15,48.5,52.15,50.55,50.0
38.45,48.5,52.15,50.55,50.0,38.45
40.5,52.15,50.55,50.0,38.45,40.5
59.0,50.55,50.0,38.45,40.5,59.0
49.45,50.0,38.45,40.5,59.0,49.45
54.35,38.45,40.5,59.0,49.45,54.35
40.3,40.5,59.0,49.45,54.35,40.3
48.5,59.0,49.45,54.35,40.3,48.5
54.4,49.45,54.35,40.3,48.5,54.4
