58.1,48.95,56.1,51.7,47.05,58.1
51.2,56.1,51.7,47.05,58.1,51.2
45.4,51.7,47.05,58.1,51.2,45.4
54.8,47.05,58.1,51.2,45.4,54.8
46.4,58.1,51.2,45.4,54.8,46.4
52.55,51.2,45.4,54.8,46.4,52.55
58.75,45.4,54.8,46.4,52.55,58.75
51.65,54.8,46.4,52.55,58.75,51.65
43.0,46.4,52.55,58.75,51.65,43.0
54.15,52.55,58.75,51.65,43.0,54.15
55.6,58.75,51.65,43.0,54.15,55.6
41.25,51.65,43.0,54.15,55.6,41.25
52.9,43.0,54.15,55.6,41.25,52.9
55.0,54.15,55.6,41.25,52.9,55.0
53.1,55.6,41.25,52.9,55.0,53.1
50.85,41.25,52.9,55.0,53.1,50.85
46.25,52.9,55.0,53.1,50.85,46.25
51.8,55.0,53.1,50.85,46.25,51.8
56.5,53.1,50.85,46.25,51.8,56.5
28.7,50.85,46.25,51.8,56.5,28.7
53.8,46.25,51.8,56.5,28.7,53.8
49.55,51.8,56.5,28.7,53.8,49.55
53.6,56.5,28.7,53.8,49.55,53.6
41.1,28.7,53.8,49.55,53.6,41.1
55.75,53.8,49.55,53.6,41.1,55.75
46.35,49.55,53.6,41.1,55.75,46.35
41.8,53.6,41.1,55.75,46.35,41.8
41.85,41.1,55.75,46.35,41.8,41.85
36.05,55.75,46.35,41.8,41.85,36.05
55.0,46.35,41.8,41.85,36.05,55.0
48.1,41.8,41.85,36.05,55.0,48.1
69.4,41.85,36.05,55.0,48.1,69.4
51.4,36.05,55.0,48.1,69.4,51.4
55.4,55.0,48.1,69.4,51.4,55.4
43.75,48.1,69.4,51.4,55.4,43.75
57.1,69.4,51.4,55.4,43.75,57.1
56.6,51.4,55.4,43.75,57.1,56.6
48.15,55.4,43.75,57.1,56.6,48.15
42.5,43.75,57.1,56.6,48.15,42.5
44.25,57.1,56.6,48.15,42.5,44.25
42.45,56.6,48.15,42.5,44.25,42.45
53.4,48.15,42.5,44.25,42.45,53.4
52.45,42.5,44.25,42.45,53.4,52.45
49.5,44.25,42.45,53.4,52.45,49.5
55.2,42.45,53.4,52.45,49.5,55.2
43.15,53.4,52.45,49.5,55.2,43.15
43.05,52.45,49.5,55.2,43.15,43.05
53.55,49.5,55.2,43.15,43.05,53.55
50.75,55.2,43.15,43.05,53.55,50.75
56.6,43.15,43.05,53.55,50.75,56.6
56.45,43.05,53.55,50.75,56.6,56.45
52.8,53.55,50.75,56.6,56.45,52.8
46.3,50.75,56.6,56.45,52.8,46.3
40.8,56.6,56.45,52.8,46.3,40.8
45.3,56.45,52.8,46.3,40.8,45.3
40.95,52.8,46.3,40.8,45.3,40.95
48.3,46.3,40.8,45.3,40.95,48.3
52.2,40.8,45.3,40.95,48.3,52.2
54.45,45.3,40.95,48.3,52.2,54.45
58.8,40.95,48.3,52.2,54.45,58.8
49.75,48.3,52.2,54.45,58.8,49.75
45.2,52.2,54.45,58.8,49.75,45.2
37.25,54.45,58.8,49.75,45.2,37.25
45.55,58.8,49.75,45.2,37.25,45.55
54.35,49.75,45.2,37.25,45.55,54.35
42.9,45.2,37.25,45.55,54.35,42.9
58.5,37.25,45.55,54.35,42.9,58.5
46.85,45.55,54.35,42.9,58.5,46.85
52.75,54.35,42.9,58.5,46.85,52.75
43.3,42.9,58.5,46.85,52.75,43.3
55.7,58.5,46.85,52.75,43.3,55.7
49.05,46.85,52.75,43.3,55.7,49.05
49.3,52.75,43.3,55.7,49.05,49.3
54.35,43.3,55.7,49.05,49.3,54.35
44.7,55.7,49.05,49.3,54.35,44.7
42.5,49.05,49.3,54.35,44.7,42.5
45.65,49.3,54.35,44.7,42.5,45.65
46.35,54.35,44.7,42.5,45.65,46.35
52.8,44.7,42.5,45.65,46.35,52.8
53.1,42.5,45.65,46.35,52.8,53.1
52.1,45.65,46.35,52.8,53.1,52.1
58.05,46.35,52.8,53.1,52.1,58.05
51.55,52.8,53.1,52.1,58.05,51.55
43.3,53.1,52.1,58.05,51.55,43.3
55.35,52.1,58.05,51.55,43.3,55.35
53.6,58.05,51.55,43.3,55.35,53.6
43.7,51.55,43.3,55.35,53.6,43.7
50.2,43.3,55.35,53.6,43.7,50.2
57.65,55.35,53.6,43.7,50.2,57.65
52.4,53.6,43.7,50.2,57.65,52.4
44.85,43.7,50.2,57.65,52.4,44.85
50.0,50.2,57.65,52.4,44.85,50.0
50.7,57.65,52.4,44.85,50.0,50.7
38.25,52.4,44.85,50.0,50.7,38.25
49.35,44.85,50.0,50.7,38.25,49.35
