50.95,48.45,49.05,48.45,50.9,50.95
58.5,49.05,48.45,50.9,50.95,58.5
49.1,48.45,50.9,50.95,58.5,49.1
57.5,50.9,50.95,58.5,49.1,57.5
54.85,50.95,58.5,49.1,57.5,54.85
43.8,58.5,49.1,57.5,54.85,43.8
42.55,49.1,57.5,54.85,43.8,42.55
47.55,57.5,54.85,43.8,42.55,47.55
43.2,54.85,43.8,42.55,47.55,43.2
51.0,43.8,42.55,47.55,43.2,51.0
57.6,42.55,47.55,43.2,51.0,57.6
57.95,47.55,43.2,51.0,57.6,57.95
48.65,43.2,51.0,57.6,57.95,48.65
43.35,51.0,57.6,57.95,48.65,43.35
52.15,57.6,57.95,48.65,43.35,52.15
46.1,57.95,48.65,43.35,52.15,46.1
58.25,48.65,43.35,52.15,46.1,58.25
54.95,43.35,52.15,46.1,58.25,54.95
49.75,52.15,46.1,58.25,54.95,49.75
33.25,46.1,58.25,54.95,49.75,33.25
52.65,58.25,54.95,49.75,33.25,52.65
48.05,54.95,49.75,33.25,52.65,48.05
47.5,49.75,33.25,52.65,48.05,47.5
52.35,33.25,52.65,48.05,47.5,52.35
52.75,52.65,48.05,47.5,52.35,52.75
44.7,48.05,47.5,52.35,52.75,44.7
54.85,47.5,52.35,52.75,44.7,54.85
45.1,52.35,52.75,44.7,54.85,45.1
39.55,52.75,44.7,54.85,45.1,39.55
41.75,44.7,54.85,45.1,39.55,41.75
44.7,54.85,45.1,39.55,41.75,44.7
42.55,45.1,39.55,41.75,44.7,42.55
45.3,39.55,41.75,44.7,42.55,45.3
52.45,41.75,44.7,42.55,45.3,52.45
45.2,44.7,42.55,45.3,52.45,45.2
46.65,42.55,45.3,52.45,45.2,46.65
46.2,45.3,52.45,45.2,46.65,46.2
57.35,52.45,45.2,46.65,46.2,57.35
38.35,45.2,46.65,46.2,57.35,38.35
41.95,46.65,46.2,57.35,38.35,41.95
50.55,46.2,57.35,38.35,41.95,50.55
29.2,57.35,38.35,41.95,50.55,29.2
57.3,38.35,41.95,50.55,29.2,57.3
49.7,41.95,50.55,29.2,57.3,49.7
45.35,50.55,29.2,57.3,49.7,45.35
47.3,29.2,57.3,49.7,45.35,47.3
55.5,57.3,49.7,45.35,47.3,55.5
49.75,49.7,45.35,47.3,55.5,49.75
51.65,45.35,47.3,55.5,49.75,51.65
48.25,47.3,55.5,49.75,51.65,48.25
49.0,55.5,49.75,51.65,48.25,49.0
52.85,49.75,51.65,48.25,49.0,52.85
45.25,51.65,48.25,49.0,52.85,45.25
52.75,48.25,49.0,52.85,45.25,52.75
49.45,49.0,52.85,45.25,52.75,49.45
39.05,52.85,45.25,52.75,49.45,39.05
52.95,45.25,52.75,49.45,39.05,52.95
49.75,52.75,49.45,39.05,52.95,49.75
50.0,49.45,39.05,52.95,49.75,50.0
51.8,39.05,52.95,49.75,50.0,51.8
56.95,52.95,49.75,50.0,51.8,56.95
45.65,49.75,50.0,51.8,56.95,45.65
38.65,50.0,51.8,56.95,45.65,38.65
50.7,51.8,56.95,45.65,38.65,50.7
40.7,56.95,45.65,38.65,50.7,40.7
46.0,45.65,38.65,50.7,40.7,46.0
53.1,38.65,50.7,40.7,46.0,53.1
47.1,50.7,40.7,46.0,53.1,47.1
55.4,40.7,46.0,53.1,47.1,55.4
49.9,46.0,53.1,47.1,55.4,49.9
46.55,53.1,47.1,55.4,49.9,46.55
39.65,47.1,55.4,49.9,46.55,39.65
35.5,55.4,49.9,46.55,39.65,35.5
50.95,49.9,46.55,39.65,35.5,50.95
51.3,46.55,39.65,35.5,50.95,51.3
50.6,39.65,35.5,50.95,51.3,50.6
52.9,35.5,50.95,51.3,50.6,52.9
53.0,50.95,51.3,50.6,52.9,53.0
47.95,51.3,50.6,52.9,53.0,47.95
47.1,50.6,52.9,53.0,47.95,47.1
55.6,52.9,53.0,47.95,47.1,55.6
52.25,53.0,47.95,47.1,55.6,52.25
46.85,47.95,47.1,55.6,52.25,46.85
38.6,47.1,55.6,52.25,46.85,38.6
50.0,55.6,52.25,46.85,38.6,50.0
49.25,52.25,46.85,38.6,50.0,49.25
46.4,46.85,38.6,50.0,49.25,46.4
38.05,38.6,50.0,49.25,46.4,38.05
49.6,50.0,49.25,46.4,38.05,49.6
42.05,49.25,46.4,38.05,49.6,42.05
52.75,46.4,38.05,49.6,42.05,52.75
48.9,38.05,49.6,42.05,52.75,48.9
40.9,49.6,42.05,52.75,48.9,40.9
42.5,42.05,52.75,48.9,40.9,42.5
74.85,52.75,48.9,40.9,42.5,74.85
