51.4,54.7,54.95,48.6,43.5,51.4
57.35,54.95,48.6,43.5,51.4,57.35
46.65,48.6,43.5,51.4,57.35,46.65
57.6,43.5,51.4,57.35,46.65,57.6
51.4,51.4,57.35,46.65,57.6,51.4
49.55,57.35,46.65,57.6,51.4,49.55
50.45,46.65,57.6,51.4,49.55,50.45
53.25,57.6,51.4,49.55,50.45,53.25
36.2,51.4,49.55,50.45,53.25,36.2
47.8,49.55,50.45,53.25,36.2,47.8
42.3,50.45,53.25,36.2,47.8,42.3
37.45,53.25,36.2,47.8,42.3,37.45
42.8,36.2,47.8,42.3,37.45,42.8
40.5,47.8,42.3,37.45,42.8,40.5
50.15,42.3,37.45,42.8,40.5,50.15
41.0,37.45,42.8,40.5,50.15,41.0
56.1,42.8,40.5,50.15,41.0,56.1
43.95,40.5,50.15,41.0,56.1,43.95
47.5,50.15,41.0,56.1,43.95,47.5
48.7,41.0,56.1,43.95,47.5,48.7
44.95,56.1,43.95,47.5,48.7,44.95
51.3,43.95,47.5,48.7,44.95,51.3
57.0,47.5,48.7,44.95,51.3,57.0
56.35,48.7,44.95,51.3,57.0,56.35
47.5,44.95,51.3,57.0,56.35,47.5
52.95,51.3,57.0,56.35,47.5,52.95
44.3,57.0,56.35,47.5,52.95,44.3
46.55,56.35,47.5,52.95,44.3,46.55
47.35,47.5,52.95,44.3,46.55,47.35
43.1,52.95,44.3,46.55,47.35,43.1
46.2,44.3,46.55,47.35,43.1,46.2
47.5,46.55,47.35,43.1,46.2,47.5
49.0,47.35,43.1,46.2,47.5,49.0
49.65,43.1,46.2,47.5,49.0,49.65
46.8,46.2,47.5,49.0,49.65,46.8
41.4,47.5,49.0,49.65,46.8,41.4
50.95,49.0,49.65,46.8,41.4,50.95
54.35,49.65,46.8,41.4,50.95,54.35
52.0,46.8,41.4,50.95,54.35,52.0
47.1,41.4,50.95,54.35,52.0,47.1
55.75,50.95,54.35,52.0,47.1,55.75
47.35,54.35,52.0,47.1,55.75,47.35
51.65,52.0,47.1,55.75,47.35,51.65
47.0,47.1,55.75,47.35,51.65,47.0
38.1,55.75,47.35,51.65,47.0,38.1
47.65,47.35,51.65,47.0,38.1,47.65
43.0,51.65,47.0,38.1,47.65,43.0
47.7,47.0,38.1,47.65,43.0,47.7
54.95,38.1,47.65,43.0,47.7,54.95
45.15,47.65,43.0,47.7,54.95,45.15
57.1,43.0,47.7,54.95,45.15,57.1
50.65,47.7,54.95,45.15,57.1,50.65
46.1,54.95,45.15,57.1,50.65,46.1
48.25,45.15,57.1,50.65,46.1,48.25
56.75,57.1,50.65,46.1,48.25,56.75
42.0,50.65,46.1,48.25,56.75,42.0
39.3,46.1,48.25,56.75,42.0,39.3
47.8,48.25,56.75,42.0,39.3,47.8
48.75,56.75,42.0,39.3,47.8,48.75
49.85,42.0,39.3,47.8,48.75,49.85
67.35,39.3,47.8,48.75,49.85,67.35
42.8,47.8,48.75,49.85,67.35,42.8
48.95,48.75,49.85,67.35,42.8,48.95
49.6,49.85,67.35,42.8,48.95,49.6
52.7,67.35,42.8,48.95,49.6,52.7
53.7,42.8,48.95,49.6,52.7,53.7
46.4,48.95,49.6,52.7,53.7,46.4
47.15,49.6,52.7,53.7,46.4,47.15
52.35,52.7,53.7,46.4,47.15,52.35
49.85,53.7,46.4,47.15,52.35,49.85
42.6,46.4,47.15,52.35,49.85,42.6
45.3,47.15,52.35,49.85,42.6,45.3
55.75,52.35,49.85,42.6,45.3,55.75
36.8,49.85,42.6,45.3,55.75,36.8
42.2,42.6,45.3,55.75,36.8,42.2
47.95,45.3,55.75,36.8,42.2,47.95
55.85,55.75,36.8,42.2,47.95,55.85
38.85,36.8,42.2,47.95,55.85,38.85
58.0,42.2,47.95,55.85,38.85,58.0
46.6,47.95,55.85,38.85,58.0,46.6
50.9,55.85,38.85,58.0,46.6,50.9
42.75,38.85,58.0,46.6,50.9,42.75
55.4,58.0,46.6,50.9,42.75,55.4
57.0,46.6,50.9,42.75,55.4,57.0
48.3,50.9,42.75,55.4,57.0,48.3
45.1,42.75,55.4,57.0,48.3,45.1
46.35,55.4,57.0,48.3,45.1,46.35
37.85,57.0,48.3,45.1,46.35,37.85
51.4,48.3,45.1,46.35,37.85,51.4
59.0,45.1,46.35,37.85,51.4,59.0
50.2,46.35,37.85,51.4,59.0,50.2
47.75,37.85,51.4,59.0,50.2,47.75
46.75,51.4,59.0,50.2,47.75,46.75
44.05,59.0,50.2,47.75,46.75,44.05
45.25,50.2,47.75,46.75,44.05,45.25
