51.8,58.2,43.85,49.9,51.35,51.8
50.5,43.85,49.9,51.35,51.8,50.5
45.6,49.9,51.35,51.8,50.5,45.6
55.7,51.35,51.8,50.5,45.6,55.7
52.3,51.8,50.5,45.6,55.7,52.3
49.1,50.5,45.6,55.7,52.3,49.1
47.85,45.6,55.7,52.3,49.1,47.85
45.35,55.7,52.3,49.1,47.85,45.35
52.8,52.3,49.1,47.85,45.35,52.8
45.95,49.1,47.85,45.35,52.8,45.95
55.05,47.85,45.35,52.8,45.95,55.05
42.8,45.35,52.8,45.95,55.05,42.8
47.65,52.8,45.95,55.05,42.8,47.65
51.8,45.95,55.05,42.8,47.65,51.8
47.5,55.05,42.8,47.65,51.8,47.5
56.55,42.8,47.65,51.8,47.5,56.55
52.5,47.65,51.8,47.5,56.55,52.5
50.6,51.8,47.5,56.55,52.5,50.6
37.3,47.5,56.55,52.5,50.6,37.3
47.35,56.55,52.5,50.6,37.3,47.35
51.65,52.5,50.6,37.3,47.35,51.65
42.35,50.6,37.3,47.35,51.65,42.35
46.75,37.3,47.35,51.65,42.35,46.75
45.8,47.35,51.65,42.35,46.75,45.8
38.45,51.65,42.35,46.75,45.8,38.45
45.5,42.35,46.75,45.8,38.45,45.5
42.15,46.75,45.8,38.45,45.5,42.15
43.8,45.8,38.45,45.5,42.15,43.8
55.5,38.45,45.5,42.15,43.8,55.5
37.5,45.5,42.15,43.8,55.5,37.5
50.35,42.15,43.8,55.5,37.5,50.35
52.2,43.8,55.5,37.5,50.35,52.2
56.1,55.5,37.5,50.35,52.2,56.1
55.7,37.5,50.35,52.2,56.1,55.7
37.6,50.35,52.2,56.1,55.7,37.6
51.5,52.2,56.1,55.7,37.6,51.5
30.85,56.1,55.7,37.6,51.5,30.85
52.6,55.7,37.6,51.5,30.85,52.6
50.7,37.6,51.5,30.85,52.6,50.7
49.8,51.5,30.85,52.6,50.7,49.8
45.15,30.85,52.6,50.7,49.8,45.15
57.3,52.6,50.7,49.8,45.15,57.3
50.3,50.7,49.8,45.15,57.3,50.3
55.6,49.8,45.15,57.3,50.3,55.6
50.2,45.15,57.3,50.3,55.6,50.2
52.7,57.3,50.3,55.6,50.2,52.7
50.75,50.3,55.6,50.2,52.7,50.75
45.35,55.6,50.2,52.7,50.75,45.35
56.75,50.2,52.7,50.75,45.35,56.75
47.0,52.7,50.75,45.35,56.75,47.0
38.45,50.75,45.35,56.75,47.0,38.45
44.6,45.35,56.75,47.0,38.45,44.6
49.0,56.75,47.0,38.45,44.6,49.0
42.0,47.0,38.45,44.6,49.0,42.0
45.75,38.45,44.6,49.0,42.0,45.75
69.15,44.6,49.0,42.0,45.75,69.15
47.7,49.0,42.0,45.75,69.15,47.7
50.35,42.0,45.75,69.15,47.7,50.35
54.8,45.75,69.15,47.7,50.35,54.8
49.05,69.15,47.7,50.35,54.8,49.05
42.95,47.7,50.35,54.8,49.05,42.95
46.3,50.35,54.8,49.05,42.95,46.3
51.3,54.8,49.05,42.95,46.3,51.3
42.65,49.05,42.95,46.3,51.3,42.65
51.55,42.95,46.3,51.3,42.65,51.55
54.5,46.3,51.3,42.65,51.55,54.5
50.6,51.3,42.65,51.55,54.5,50.6
51.5,42.65,51.55,54.5,50.6,51.5
51.95,51.55,54.5,50.6,51.5,51.95
39.2,54.5,50.6,51.5,51.95,39.2
49.4,50.6,51.5,51.95,39.2,49.4
43.1,51.5,51.95,39.2,49.4,43.1
48.1,51.95,39.2,49.4,43.1,48.1
43.4,39.2,49.4,43.1,48.1,43.4
52.3,49.4,43.1,48.1,43.4,52.3
50.7,43.1,48.1,43.4,52.3,50.7
45.8,48.1,43.4,52.3,50.7,45.8
49.45,43.4,52.3,50.7,45.8,49.45
55.9,52.3,50.7,45.8,49.45,55.9
46.85,50.7,45.8,49.45,55.9,46.85
47.8,45.8,49.45,55.9,46.85,47.8
49.75,49.45,55.9,46.85,47.8,49.75
59.0,55.9,46.85,47.8,49.75,59.0
55.0,46.85,47.8,49.75,59.0,55.0
49.05,47.8,49.75,59.0,55.0,49.05
49.7,49.75,59.0,55.0,49.05,49.7
58.25,59.0,55.0,49.05,49.7,58.25
42.6,55.0,49.05,49.7,58.25,42.6
44.85,49.05,49.7,58.25,42.6,44.85
53.45,49.7,58.25,42.6,44.85,53.45
46.65,58.25,42.6,44.85,53.45,46.65
50.85,42.6,44.85,53.45,46.65,50.85
50.05,44.85,53.45,46.65,50.85,50.05
48.95,53.45,46.65,50.85,50.05,48.95
43.25,46.65,50.85,50.05,48.95,43.25
