13.6,15.45,14.95,11.5,15.45,13.6
16.9,14.95,11.5,15.45,13.6,16.9
14.75,11.5,15.45,13.6,16.9,14.75
15.25,15.45,13.6,16.9,14.75,15.25
15.1,13.6,16.9,14.75,15.25,15.1
13.65,16.9,14.75,15.25,15.1,13.65
14.15,14.75,15.25,15.1,13.65,14.15
10.2,15.25,15.1,13.65,14.15,10.2
12.65,15.1,13.65,14.15,10.2,12.65
12.75,13.65,14.15,10.2,12.65,12.75
14.7,14.15,10.2,12.65,12.75,14.7
16.0,10.2,12.65,12.75,14.7,16.0
11.3,12.65,12.75,14.7,16.0,11.3
11.4,12.75,14.7,16.0,11.3,11.4
15.5,14.7,16.0,11.3,11.4,15.5
11.5,16.0,11.3,11.4,15.5,11.5
14.55,11.3,11.4,15.5,11.5,14.55
17.2,11.4,15.5,11.5,14.55,17.2
15.1,15.5,11.5,14.55,17.2,15.1
13.25,11.5,14.55,17.2,15.1,13.25
16.6,14.55,17.2,15.1,13.25,16.6
16.25,17.2,15.1,13.25,16.6,16.25
16.45,15.1,13.25,16.6,16.25,16.45
14.55,13.25,16.6,16.25,16.45,14.55
14.15,16.6,16.25,16.45,14.55,14.15
13.4,16.25,16.45,14.55,14.15,13.4
15.5,16.45,14.55,14.15,13.4,15.5
11.5,14.55,14.15,13.4,15.5,11.5
13.5,14.15,13.4,15.5,11.5,13.5
15.85,13.4,15.5,11.5,13.5,15.85
15.0,15.5,11.5,13.5,15.85,15.0
13.9,11.5,13.5,15.85,15.0,13.9
12.35,13.5,15.85,15.0,13.9,12.35
16.85,15.85,15.0,13.9,12.35,16.85
15.6,15.0,13.9,12.35,16.85,15.6
13.65,13.9,12.35,16.85,15.6,13.65
16.1,12.35,16.85,15.6,13.65,16.1
15.55,16.85,15.6,13.65,16.1,15.55
11.35,15.6,13.65,16.1,15.55,11.35
16.65,13.65,16.1,15.55,11.35,16.65
20.85,16.1,15.55,11.35,16.65,20.85
13.15,15.55,11.35,16.65,20.85,13.15
14.85,11.35,16.65,20.85,13.15,14.85
14.1,16.65,20.85,13.15,14.85,14.1
12.3,20.85,13.15,14.85,14.1,12.3
15.2,13.15,14.85,14.1,12.3,15.2
12.55,14.85,14.1,12.3,15.2,12.55
12.15,14.1,12.3,15.2,12.55,12.15
15.8,12.3,15.2,12.55,12.15,15.8
12.65,15.2,12.55,12.15,15.8,12.65
14.9,12.55,12.15,15.8,12.65,14.9
11.75,12.15,15.8,12.65,14.9,11.75
13.9,15.8,12.65,14.9,11.75,13.9
16.35,12.65,14.9,11.75,13.9,16.35
13.85,14.9,11.75,13.9,16.35,13.85
16.5,11.75,13.9,16.35,13.85,16.5
15.2,13.9,16.35,13.85,16.5,15.2
14.05,16.35,13.85,16.5,15.2,14.05
15.15,13.85,16.5,15.2,14.05,15.15
13.25,16.5,15.2,14.05,15.15,13.25
13.75,15.2,14.05,15.15,13.25,13.75
12.15,14.05,15.15,13.25,13.75,12.15
11.0,15.15,13.25,13.75,12.15,11.0
12.35,13.25,13.75,12.15,11.0,12.35
14.75,13.75,12.15,11.0,12.35,14.75
12.85,12.15,11.0,12.35,14.75,12.85
13.75,11.0,12.35,14.75,12.85,13.75
15.6,12.35,14.75,12.85,13.75,15.6
14.25,14.75,12.85,13.75,15.6,14.25
16.35,12.85,13.75,15.6,14.25,16.35
15.5,13.75,15.6,14.25,16.35,15.5
13.1,15.6,14.25,16.35,15.5,13.1
14.35,14.25,16.35,15.5,13.1,14.35
8.65,16.35,15.5,13.1,14.35,8.65
16.55,15.5,13.1,14.35,8.65,16.55
14.75,13.1,14.35,8.65,16.55,14.75
13.1,14.35,8.65,16.55,14.75,13.1
14.8,8.65,16.55,14.75,13.1,14.8
12.25,16.55,14.75,13.1,14.8,12.25
14.7,14.75,13.1,14.8,12.25,14.7
14.85,13.1,14.8,12.25,14.7,14.85
16.05,14.8,12.25,14.7,14.85,16.05
14.6,12.25,14.7,14.85,16.05,14.6
12.65,14.7,14.85,16.05,14.6,12.65
12.45,14.85,16.05,14.6,12.65,12.45
14.75,16.05,14.6,12.65,12.45,14.75
13.95,14.6,12.65,12.45,14.75,13.95
16.95,12.65,12.45,14.75,13.95,16.95
14.7,12.45,14.75,13.95,16.95,14.7
16.85,14.75,13.95,16.95,14.7,16.85
12.45,13.95,16.95,14.7,16.85,12.45
14.6,16.95,14.7,16.85,12.45,14.6
16.1,14.7,16.85,12.45,14.6,16.1
15.3,16.85,12.45,14.6,16.1,15.3
14.05,12.45,14.6,16.1,15.3,14.05
