13.85,11.0,15.25,13.1,16.65,13.85
14.6,15.25,13.1,16.65,13.85,14.6
13.9,13.1,16.65,13.85,14.6,13.9
15.85,16.65,13.85,14.6,13.9,15.85
14.8,13.85,14.6,13.9,15.85,14.8
11.3,14.6,13.9,15.85,14.8,11.3
13.95,13.9,15.85,14.8,11.3,13.95
13.3,15.85,14.8,11.3,13.95,13.3
15.05,14.8,11.3,13.95,13.3,15.05
13.2,11.3,13.95,13.3,15.05,13.2
13.9,13.95,13.3,15.05,13.2,13.9
13.65,13.3,15.05,13.2,13.9,13.65
14.95,15.05,13.2,13.9,13.65,14.95
11.8,13.2,13.9,13.65,14.95,11.8
16.85,13.9,13.65,14.95,11.8,16.85
16.45,13.65,14.95,11.8,16.85,16.45
14.45,14.95,11.8,16.85,16.45,14.45
15.65,11.8,16.85,16.45,14.45,15.65
13.95,16.85,16.45,14.45,15.65,13.95
12.65,16.45,14.45,15.65,13.95,12.65
12.45,14.45,15.65,13.95,12.65,12.45
15.45,15.65,13.95,12.65,12.45,15.45
15.1,13.95,12.65,12.45,15.45,15.1
12.95,12.65,12.45,15.45,15.1,12.95
15.65,12.45,15.45,15.1,12.95,15.65
15.55,15.45,15.1,12.95,15.65,15.55
13.25,15.1,12.95,15.65,15.55,13.25
12.3,12.95,15.65,15.55,13.25,12.3
14.05,15.65,15.55,13.25,12.3,14.05
13.1,15.55,13.25,12.3,14.05,13.1
15.35,13.25,12.3,14.05,13.1,15.35
16.2,12.3,14.05,13.1,15.35,16.2
12.7,14.05,13.1,15.35,16.2,12.7
16.25,13.1,15.35,16.2,12.7,16.25
15.8,15.35,16.2,12.7,16.25,15.8
16.35,16.2,12.7,16.25,15.8,16.35
16.7,12.7,16.25,15.8,16.35,16.7
15.25,16.25,15.8,16.35,16.7,15.25
14.95,15.8,16.35,16.7,15.25,14.95
14.5,16.35,16.7,15.25,14.95,14.5
13.15,16.7,15.25,14.95,14.5,13.15
13.3,15.25,14.95,14.5,13.15,13.3
13.35,14.95,14.5,13.15,13.3,13.35
13.2,14.5,13.15,13.3,13.35,13.2
11.65,13.15,13.3,13.35,13.2,11.65
16.4,13.3,13.35,13.2,11.65,16.4
12.2,13.35,13.2,11.65,16.4,12.2
12.35,13.2,11.65,16.4,12.2,12.35
20.95,11.65,16.4,12.2,12.35,20.95
13.0,16.4,12.2,12.35,20.95,13.0
14.75,12.2,12.35,20.95,13.0,14.75
13.7,12.35,20.95,13.0,14.75,13.7
15.8,20.95,13.0,14.75,13.7,15.8
11.7,13.0,14.75,13.7,15.8,11.7
16.35,14.75,13.7,15.8,11.7,16.35
15.8,13.7,15.8,11.7,16.35,15.8
13.15,15.8,11.7,16.35,15.8,13.15
14.95,11.7,16.35,15.8,13.15,14.95
15.4,16.35,15.8,13.15,14.95,15.4
14.45,15.8,13.15,14.95,15.4,14.45
16.15,13.15,14.95,15.4,14.45,16.15
16.85,14.95,15.4,14.45,16.15,16.85
13.0,15.4,14.45,16.15,16.85,13.0
16.5,14.45,16.15,16.85,13.0,16.5
16.2,16.15,16.85,13.0,16.5,16.2
13.45,16.85,13.0,16.5,16.2,13.45
12.4,13.0,16.5,16.2,13.45,12.4
15.25,16.5,16.2,13.45,12.4,15.25
12.2,16.2,13.45,12.4,15.25,12.2
13.25,13.45,12.4,15.25,12.2,13.25
14.8,12.4,15.25,12.2,13.25,14.8
13.4,15.25,12.2,13.25,14.8,13.4
17.1,12.2,13.25,14.8,13.4,17.1
12.15,13.25,14.8,13.4,17.1,12.15
12.3,14.8,13.4,17.1,12.15,12.3
15.3,13.4,17.1,12.15,12.3,15.3
15.1,17.1,12.15,12.3,15.3,15.1
14.35,12.15,12.3,15.3,15.1,14.35
12.85,12.3,15.3,15.1,14.35,12.85
10.95,15.3,15.1,14.35,12.85,10.95
12.2,15.1,14.35,12.85,10.95,12.2
12.85,14.35,12.85,10.95,12.2,12.85
13.1,12.85,10.95,12.2,12.85,13.1
15.45,10.95,12.2,12.85,13.1,15.45
13.15,12.2,12.85,13.1,15.45,13.15
15.0,12.85,13.1,15.45,13.15,15.0
15.45,13.1,15.45,13.15,15.0,15.45
15.1,15.45,13.15,15.0,15.45,15.1
13.6,13.15,15.0,15.45,15.1,13.6
15.65,15.0,15.45,15.1,13.6,15.65
13.9,15.45,15.1,13.6,15.65,13.9
12.95,15.1,13.6,15.65,13.9,12.95
14.8,13.6,15.65,13.9,12.95,14.8
14.7,15.65,13.9,12.95,14.8,14.7
13.0,13.9,12.95,14.8,14.7,13.0
