13.55,10.1,16.65,14.9,12.25,13.55
10.9,16.65,14.9,12.25,13.55,10.9
17.7,14.9,12.25,13.55,10.9,17.7
15.0,12.25,13.55,10.9,17.7,15.0
15.55,13.55,10.9,17.7,15.0,15.55
14.85,10.9,17.7,15.0,15.55,14.85
13.65,17.7,15.0,15.55,14.85,13.65
14.05,15.0,15.55,14.85,13.65,14.05
15.8,15.55,14.85,13.65,14.05,15.8
13.5,14.85,13.65,14.05,15.8,13.5
15.2,13.65,14.05,15.8,13.5,15.2
16.55,14.05,15.8,13.5,15.2,16.55
13.55,15.8,13.5,15.2,16.55,13.55
12.6,13.5,15.2,16.55,13.55,12.6
14.0,15.2,16.55,13.55,12.6,14.0
14.1,16.55,13.55,12.6,14.0,14.1
11.25,13.55,12.6,14.0,14.1,11.25
13.2,12.6,14.0,14.1,11.25,13.2
11.85,14.0,14.1,11.25,13.2,11.85
12.4,14.1,11.25,13.2,11.85,12.4
14.4,11.25,13.2,11.85,12.4,14.4
14.8,13.2,11.85,12.4,14.4,14.8
13.6,11.85,12.4,14.4,14.8,13.6
16.45,12.4,14.4,14.8,13.6,16.45
14.25,14.4,14.8,13.6,16.45,14.25
15.65,14.8,13.6,16.45,14.25,15.65
14.35,13.6,16.45,14.25,15.65,14.35
15.7,16.45,14.25,15.65,14.35,15.7
10.65,14.25,15.65,14.35,15.7,10.65
14.3,15.65,14.35,15.7,10.65,14.3
15.95,14.35,15.7,10.65,14.3,15.95
15.25,15.7,10.65,14.3,15.95,15.25
11.65,10.65,14.3,15.95,15.25,11.65
11.4,14.3,15.95,15.25,11.65,11.4
11.65,15.95,15.25,11.65,11.4,11.65
12.85,15.25,11.65,11.4,11.65,12.85
15.85,11.65,11.4,11.65,12.85,15.85
15.3,11.4,11.65,12.85,15.85,15.3
16.1,11.65,12.85,15.85,15.3,16.1
12.6,12.85,15.85,15.3,16.1,12.6
16.2,15.85,15.3,16.1,12.6,16.2
13.85,15.3,16.1,12.6,16.2,13.85
12.6,16.1,12.6,16.2,13.85,12.6
14.05,12.6,16.2,13.85,12.6,14.05
14.55,16.2,13.85,12.6,14.05,14.55
13.8,13.85,12.6,14.05,14.55,13.8
12.95,12.6,14.05,14.55,13.8,12.95
14.6,14.05,14.55,13.8,12.95,14.6
14.05,14.55,13.8,12.95,14.6,14.05
10.95,13.8,12.95,14.6,14.05,10.95
15.35,12.95,14.6,14.05,10.95,15.35
16.0,14.6,14.05,10.95,15.35,16.0
14.5,14.05,10.95,15.35,16.0,14.5
11.25,10.95,15.35,16.0,14.5,11.25
13.05,15.35,16.0,14.5,11.25,13.05
13.95,16.0,14.5,11.25,13.05,13.95
14.1,14.5,11.25,13.05,13.95,14.1
15.65,11.25,13.05,13.95,14.1,15.65
16.1,13.05,13.95,14.1,15.65,16.1
16.7,13.95,14.1,15.65,16.1,16.7
12.8,14.1,15.65,16.1,16.7,12.8
15.75,15.65,16.1,16.7,12.8,15.75
12.5,16.1,16.7,12.8,15.75,12.5
16.05,16.7,12.8,15.75,12.5,16.05
13.7,12.8,15.75,12.5,16.05,13.7
13.7,15.75,12.5,16.05,13.7,13.7
14.1,12.5,16.05,13.7,13.7,14.1
14.95,16.05,13.7,13.7,14.1,14.95
15.1,13.7,13.7,14.1,14.95,15.1
12.2,13.7,14.1,14.95,15.1,12.2
14.2,14.1,14.95,15.1,12.2,14.2
14.15,14.95,15.1,12.2,14.2,14.15
15.9,15.1,12.2,14.2,14.15,15.9
12.45,12.2,14.2,14.15,15.9,12.45
15.05,14.2,14.15,15.9,12.45,15.05
15.9,14.15,15.9,12.45,15.05,15.9
12.2,15.9,12.45,15.05,15.9,12.2
11.6,12.45,15.05,15.9,12.2,11.6
11.4,15.05,15.9,12.2,11.6,11.4
15.25,15.9,12.2,11.6,11.4,15.25
15.45,12.2,11.6,11.4,15.25,15.45
12.95,11.6,11.4,15.25,15.45,12.95
15.15,11.4,15.25,15.45,12.95,15.15
13.2,15.25,15.45,12.95,15.15,13.2
14.9,15.45,12.95,15.15,13.2,14.9
15.65,12.95,15.15,13.2,14.9,15.65
16.2,15.15,13.2,14.9,15.65,16.2
16.0,13.2,14.9,15.65,16.2,16.0
14.2,14.9,15.65,16.2,16.0,14.2
13.15,15.65,16.2,16.0,14.2,13.15
13.75,16.2,16.0,14.2,13.15,13.75
12.5,16.0,14.2,13.15,13.75,12.5
14.85,14.2,13.15,13.75,12.5,14.85
17.3,13.15,13.75,12.5,14.85,17.3
16.1,13.75,12.5,14.85,17.3,16.1
