13.85,14.25,14.0,14.35,15.15,13.85
14.25,14.0,14.35,15.15,13.85,14.25
13.8,14.35,15.15,13.85,14.25,13.8
14.45,15.15,13.85,14.25,13.8,14.45
16.45,13.85,14.25,13.8,14.45,16.45
13.1,14.25,13.8,14.45,16.45,13.1
14.95,13.8,14.45,16.45,13.1,14.95
13.25,14.45,16.45,13.1,14.95,13.25
11.85,16.45,13.1,14.95,13.25,11.85
15.1,13.1,14.95,13.25,11.85,15.1
15.15,14.95,13.25,11.85,15.1,15.15
15.15,13.25,11.85,15.1,15.15,15.15
13.55,11.85,15.1,15.15,15.15,13.55
16.05,15.1,15.15,15.15,13.55,16.05
16.4,15.15,15.15,13.55,16.05,16.4
14.8,15.15,13.55,16.05,16.4,14.8
13.85,13.55,16.05,16.4,14.8,13.85
16.35,16.05,16.4,14.8,13.85,16.35
14.2,16.4,14.8,13.85,16.35,14.2
14.4,14.8,13.85,16.35,14.2,14.4
11.0,13.85,16.35,14.2,14.4,11.0
15.2,16.35,14.2,14.4,11.0,15.2
13.1,14.2,14.4,11.0,15.2,13.1
14.85,14.4,11.0,15.2,13.1,14.85
11.85,11.0,15.2,13.1,14.85,11.85
15.35,15.2,13.1,14.85,11.85,15.35
11.75,13.1,14.85,11.85,15.35,11.75
12.65,14.85,11.85,15.35,11.75,12.65
17.25,11.85,15.35,11.75,12.65,17.25
13.65,15.35,11.75,12.65,17.25,13.65
13.55,11.75,12.65,17.25,13.65,13.55
14.45,12.65,17.25,13.65,13.55,14.45
12.1,17.25,13.65,13.55,14.45,12.1
14.1,13.65,13.55,14.45,12.1,14.1
12.05,13.55,14.45,12.1,14.1,12.05
14.1,14.45,12.1,14.1,12.05,14.1
12.9,12.1,14.1,12.05,14.1,12.9
13.2,14.1,12.05,14.1,12.9,13.2
12.8,12.05,14.1,12.9,13.2,12.8
14.15,14.1,12.9,13.2,12.8,14.15
13.5,12.9,13.2,12.8,14.15,13.5
14.1,13.2,12.8,14.15,13.5,14.1
13.2,12.8,14.15,13.5,14.1,13.2
14.45,14.15,13.5,14.1,13.2,14.45
13.7,13.5,14.1,13.2,14.45,13.7
16.65,14.1,13.2,14.45,13.7,16.65
13.75,13.2,14.45,13.7,16.65,13.75
14.85,14.45,13.7,16.65,13.75,14.85
14.55,13.7,16.65,13.75,14.85,14.55
13.35,16.65,13.75,14.85,14.55,13.35
17.35,13.75,14.85,14.55,13.35,17.35
12.8,14.85,14.55,13.35,17.35,12.8
11.75,14.55,13.35,17.35,12.8,11.75
15.3,13.35,17.35,12.8,11.75,15.3
13.25,17.35,12.8,11.75,15.3,13.25
14.65,12.8,11.75,15.3,13.25,14.65
13.3,11.75,15.3,13.25,14.65,13.3
12.4,15.3,13.25,14.65,13.3,12.4
14.2,13.25,14.65,13.3,12.4,14.2
13.25,14.65,13.3,12.4,14.2,13.25
12.7,13.3,12.4,14.2,13.25,12.7
14.1,12.4,14.2,13.25,12.7,14.1
16.8,14.2,13.25,12.7,14.1,16.8
14.85,13.25,12.7,14.1,16.8,14.85
13.55,12.7,14.1,16.8,14.85,13.55
14.4,14.1,16.8,14.85,13.55,14.4
11.45,16.8,14.85,13.55,14.4,11.45
14.25,14.85,13.55,14.4,11.45,14.25
14.55,13.55,14.4,11.45,14.25,14.55
13.8,14.4,11.45,14.25,14.55,13.8
15.2,11.45,14.25,14.55,13.8,15.2
13.75,14.25,14.55,13.8,15.2,13.75
14.55,14.55,13.8,15.2,13.75,14.55
14.5,13.8,15.2,13.75,14.55,14.5
16.75,15.2,13.75,14.55,14.5,16.75
15.15,13.75,14.55,14.5,16.75,15.15
14.45,14.55,14.5,16.75,15.15,14.45
14.2,14.5,16.75,15.15,14.45,14.2
15.55,16.75,15.15,14.45,14.2,15.55
16.05,15.15,14.45,14.2,15.55,16.05
12.75,14.45,14.2,15.55,16.05,12.75
14.6,14.2,15.55,16.05,12.75,14.6
14.95,15.55,16.05,12.75,14.6,14.95
14.45,16.05,12.75,14.6,14.95,14.45
14.85,12.75,14.6,14.95,14.45,14.85
15.05,14.6,14.95,14.45,14.85,15.05
15.0,14.95,14.45,14.85,15.05,15.0
11.75,14.45,14.85,15.05,15.0,11.75
16.15,14.85,15.05,15.0,11.75,16.15
16.4,15.05,15.0,11.75,16.15,16.4
16.1,15.0,11.75,16.15,16.4,16.1
13.35,11.75,16.15,16.4,16.1,13.35
12.05,16.15,16.4,16.1,13.35,12.05
12.2,16.4,16.1,13.35,12.05,12.2
17.15,16.1,13.35,12.05,12.2,17.15
