14.75,16.3,14.45,11.55,16.3,14.75
14.55,14.45,11.55,16.3,14.75,14.55
10.1,11.55,16.3,14.75,14.55,10.1
15.6,16.3,14.75,14.55,10.1,15.6
14.8,14.75,14.55,10.1,15.6,14.8
16.0,14.55,10.1,15.6,14.8,16.0
14.9,10.1,15.6,14.8,16.0,14.9
16.25,15.6,14.8,16.0,14.9,16.25
16.7,14.8,16.0,14.9,16.25,16.7
15.0,16.0,14.9,16.25,16.7,15.0
12.75,14.9,16.25,16.7,15.0,12.75
14.7,16.25,16.7,15.0,12.75,14.7
14.0,16.7,15.0,12.75,14.7,14.0
15.25,15.0,12.75,14.7,14.0,15.25
13.9,12.75,14.7,14.0,15.25,13.9
15.45,14.7,14.0,15.25,13.9,15.45
14.65,14.0,15.25,13.9,15.45,14.65
13.15,15.25,13.9,15.45,14.65,13.15
12.55,13.9,15.45,14.65,13.15,12.55
16.65,15.45,14.65,13.15,12.55,16.65
16.3,14.65,13.15,12.55,16.65,16.3
16.6,13.15,12.55,16.65,16.3,16.6
13.45,12.55,16.65,16.3,16.6,13.45
14.4,16.65,16.3,16.6,13.45,14.4
17.35,16.3,16.6,13.45,14.4,17.35
11.0,16.6,13.45,14.4,17.35,11.0
13.15,13.45,14.4,17.35,11.0,13.15
12.05,14.4,17.35,11.0,13.15,12.05
10.5,17.35,11.0,13.15,12.05,10.5
13.9,11.0,13.15,12.05,10.5,13.9
16.35,13.15,12.05,10.5,13.9,16.35
11.55,12.05,10.5,13.9,16.35,11.55
11.7,10.5,13.9,16.35,11.55,11.7
12.35,13.9,16.35,11.55,11.7,12.35
12.25,16.35,11.55,11.7,12.35,12.25
14.1,11.55,11.7,12.35,12.25,14.1
12.75,11.7,12.35,12.25,14.1,12.75
14.9,12.35,12.25,14.1,12.75,14.9
12.45,12.25,14.1,12.75,14.9,12.45
15.35,14.1,12.75,14.9,12.45,15.35
15.4,12.75,14.9,12.45,15.35,15.4
13.8,14.9,12.45,15.35,15.4,13.8
15.55,12.45,15.35,15.4,13.8,15.55
11.7,15.35,15.4,13.8,15.55,11.7
13.9,15.4,13.8,15.55,11.7,13.9
13.5,13.8,15.55,11.7,13.9,13.5
15.95,15.55,11.7,13.9,13.5,15.95
13.25,11.7,13.9,13.5,15.95,13.25
12.4,13.9,13.5,15.95,13.25,12.4
12.05,13.5,15.95,13.25,12.4,12.05
14.6,15.95,13.25,12.4,12.05,14.6
14.85,13.25,12.4,12.05,14.6,14.85
13.25,12.4,12.05,14.6,14.85,13.25
10.75,12.05,14.6,14.85,13.25,10.75
11.0,14.6,14.85,13.25,10.75,11.0
16.2,14.85,13.25,10.75,11.0,16.2
16.15,13.25,10.75,11.0,16.2,16.15
14.25,10.75,11.0,16.2,16.15,14.25
13.65,11.0,16.2,16.15,14.25,13.65
14.55,16.2,16.15,14.25,13.65,14.55
9.25,16.15,14.25,13.65,14.55,9.25
15.4,14.25,13.65,14.55,9.25,15.4
14.6,13.65,14.55,9.25,15.4,14.6
15.15,14.55,9.25,15.4,14.6,15.15
15.5,9.25,15.4,14.6,15.15,15.5
13.0,15.4,14.6,15.15,15.5,13.0
12.5,14.6,15.15,15.5,13.0,12.5
16.95,15.15,15.5,13.0,12.5,16.95
8.9,15.5,13.0,12.5,16.95,8.9
13.85,13.0,12.5,16.95,8.9,13.85
15.95,12.5,16.95,8.9,13.85,15.95
16.45,16.95,8.9,13.85,15.95,16.45
13.05,8.9,13.85,15.95,16.45,13.05
15.65,13.85,15.95,16.45,13.05,15.65
14.45,15.95,16.45,13.05,15.65,14.45
12.8,16.45,13.05,15.65,14.45,12.8
12.05,13.05,15.65,14.45,12.8,12.05
15.7,15.65,14.45,12.8,12.05,15.7
14.1,14.45,12.8,12.05,15.7,14.1
16.4,12.8,12.05,15.7,14.1,16.4
15.15,12.05,15.7,14.1,16.4,15.15
15.6,15.7,14.1,16.4,15.15,15.6
14.3,14.1,16.4,15.15,15.6,14.3
11.7,16.4,15.15,15.6,14.3,11.7
13.35,15.15,15.6,14.3,11.7,13.35
15.7,15.6,14.3,11.7,13.35,15.7
15.65,14.3,11.7,13.35,15.7,15.65
15.45,11.7,13.35,15.7,15.65,15.45
16.65,13.35,15.7,15.65,15.45,16.65
12.4,15.7,15.65,15.45,16.65,12.4
14.65,15.65,15.45,16.65,12.4,14.65
15.1,15.45,16.65,12.4,14.65,15.1
16.5,16.65,12.4,14.65,15.1,16.5
14.8,12.4,14.65,15.1,16.5,14.8
12.3,14.65,15.1,16.5,14.8,12.3
