14.55,15.3,15.5,14.15,15.7,14.55
14.95,15.5,14.15,15.7,14.55,14.95
16.15,14.15,15.7,14.55,14.95,16.15
11.85,15.7,14.55,14.95,16.15,11.85
16.3,14.55,14.95,16.15,11.85,16.3
13.0,14.95,16.15,11.85,16.3,13.0
11.5,16.15,11.85,16.3,13.0,11.5
14.7,11.85,16.3,13.0,11.5,14.7
10.35,16.3,13.0,11.5,14.7,10.35
12.3,13.0,11.5,14.7,10.35,12.3
13.7,11.5,14.7,10.35,12.3,13.7
14.2,14.7,10.35,12.3,13.7,14.2
16.2,10.35,12.3,13.7,14.2,16.2
12.6,12.3,13.7,14.2,16.2,12.6
11.8,13.7,14.2,16.2,12.6,11.8
14.8,14.2,16.2,12.6,11.8,14.8
12.35,16.2,12.6,11.8,14.8,12.35
14.35,12.6,11.8,14.8,12.35,14.35
16.9,11.8,14.8,12.35,14.35,16.9
8.4,14.8,12.35,14.35,16.9,8.4
16.7,12.35,14.35,16.9,8.4,16.7
13.65,14.35,16.9,8.4,16.7,13.65
15.75,16.9,8.4,16.7,13.65,15.75
16.1,8.4,16.7,13.65,15.75,16.1
14.05,16.7,13.65,15.75,16.1,14.05
11.75,13.65,15.75,16.1,14.05,11.75
19.8,15.75,16.1,14.05,11.75,19.8
14.3,16.1,14.05,11.75,19.8,14.3
14.2,14.05,11.75,19.8,14.3,14.2
16.3,11.75,19.8,14.3,14.2,16.3
13.65,19.8,14.3,14.2,16.3,13.65
15.9,14.3,14.2,16.3,13.65,15.9
14.35,14.2,16.3,13.65,15.9,14.35
14.7,16.3,13.65,15.9,14.35,14.7
14.15,13.65,15.9,14.35,14.7,14.15
16.15,15.9,14.35,14.7,14.15,16.15
14.55,14.35,14.7,14.15,16.15,14.55
17.2,14.7,14.15,16.15,14.55,17.2
17.2,14.15,16.15,14.55,17.2,17.2
12.0,16.15,14.55,17.2,17.2,12.0
13.8,14.55,17.2,17.2,12.0,13.8
14.4,17.2,17.2,12.0,13.8,14.4
13.7,17.2,12.0,13.8,14.4,13.7
17.05,12.0,13.8,14.4,13.7,17.05
12.0,13.8,14.4,13.7,17.05,12.0
12.3,14.4,13.7,17.05,12.0,12.3
13.05,13.7,17.05,12.0,12.3,13.05
13.9,17.05,12.0,12.3,13.05,13.9
16.85,12.0,12.3,13.05,13.9,16.85
12.85,12.3,13.05,13.9,16.85,12.85
14.45,13.05,13.9,16.85,12.85,14.45
13.85,13.9,16.85,12.85,14.45,13.85
11.65,16.85,12.85,14.45,13.85,11.65
14.75,12.85,14.45,13.85,11.65,14.75
15.1,14.45,13.85,11.65,14.75,15.1
14.15,13.85,11.65,14.75,15.1,14.15
15.35,11.65,14.75,15.1,14.15,15.35
16.55,14.75,15.1,14.15,15.35,16.55
14.25,15.1,14.15,15.35,16.55,14.25
13.2,14.15,15.35,16.55,14.25,13.2
12.55,15.35,16.55,14.25,13.2,12.55
14.35,16.55,14.25,13.2,12.55,14.35
13.85,14.25,13.2,12.55,14.35,13.85
14.15,13.2,12.55,14.35,13.85,14.15
16.95,12.55,14.35,13.85,14.15,16.95
14.3,14.35,13.85,14.15,16.95,14.3
14.85,13.85,14.15,16.95,14.3,14.85
14.9,14.15,16.95,14.3,14.85,14.9
13.15,16.95,14.3,14.85,14.9,13.15
14.85,14.3,14.85,14.9,13.15,14.85
12.45,14.85,14.9,13.15,14.85,12.45
15.3,14.9,13.15,14.85,12.45,15.3
15.0,13.15,14.85,12.45,15.3,15.0
12.75,14.85,12.45,15.3,15.0,12.75
14.5,12.45,15.3,15.0,12.75,14.5
14.65,15.3,15.0,12.75,14.5,14.65
11.85,15.0,12.75,14.5,14.65,11.85
12.6,12.75,14.5,14.65,11.85,12.6
14.85,14.5,14.65,11.85,12.6,14.85
13.45,14.65,11.85,12.6,14.85,13.45
15.85,11.85,12.6,14.85,13.45,15.85
13.25,12.6,14.85,13.45,15.85,13.25
14.95,14.85,13.45,15.85,13.25,14.95
14.4,13.45,15.85,13.25,14.95,14.4
15.65,15.85,13.25,14.95,14.4,15.65
15.45,13.25,14.95,14.4,15.65,15.45
15.0,14.95,14.4,15.65,15.45,15.0
10.2,14.4,15.65,15.45,15.0,10.2
15.7,15.65,15.45,15.0,10.2,15.7
14.35,15.45,15.0,10.2,15.7,14.35
10.7,15.0,10.2,15.7,14.35,10.7
9.5,10.2,15.7,14.35,10.7,9.5
12.05,15.7,14.35,10.7,9.5,12.05
11.4,14.35,10.7,9.5,12.05,11.4
13.7,10.7,9.5,12.05,11.4,13.7
