15.65,15.95,16.35,14.85,16.0,15.65
13.05,16.35,14.85,16.0,15.65,13.05
16.45,14.85,16.0,15.65,13.05,16.45
11.6,16.0,15.65,13.05,16.45,11.6
12.6,15.65,13.05,16.45,11.6,12.6
12.3,13.05,16.45,11.6,12.6,12.3
12.05,16.45,11.6,12.6,12.3,12.05
11.55,11.6,12.6,12.3,12.05,11.55
15.3,12.6,12.3,12.05,11.55,15.3
14.1,12.3,12.05,11.55,15.3,14.1
16.05,12.05,11.55,15.3,14.1,16.05
15.3,11.55,15.3,14.1,16.05,15.3
14.95,15.3,14.1,16.05,15.3,14.95
9.95,14.1,16.05,15.3,14.95,9.95
15.15,16.05,15.3,14.95,9.95,15.15
14.9,15.3,14.95,9.95,15.15,14.9
11.85,14.95,9.95,15.15,14.9,11.85
16.4,9.95,15.15,14.9,11.85,16.4
15.6,15.15,14.9,11.85,16.4,15.6
15.95,14.9,11.85,16.4,15.6,15.95
16.6,11.85,16.4,15.6,15.95,16.6
12.45,16.4,15.6,15.95,16.6,12.45
11.1,15.6,15.95,16.6,12.45,11.1
15.2,15.95,16.6,12.45,11.1,15.2
15.45,16.6,12.45,11.1,15.2,15.45
15.55,12.45,11.1,15.2,15.45,15.55
15.0,11.1,15.2,15.45,15.55,15.0
16.25,15.2,15.45,15.55,15.0,16.25
14.25,15.45,15.55,15.0,16.25,14.25
14.7,15.55,15.0,16.25,14.25,14.7
12.0,15.0,16.25,14.25,14.7,12.0
15.95,16.25,14.25,14.7,12.0,15.95
11.55,14.25,14.7,12.0,15.95,11.55
13.8,14.7,12.0,15.95,11.55,13.8
15.6,12.0,15.95,11.55,13.8,15.6
16.65,15.95,11.55,13.8,15.6,16.65
14.55,11.55,13.8,15.6,16.65,14.55
14.2,13.8,15.6,16.65,14.55,14.2
16.2,15.6,16.65,14.55,14.2,16.2
15.65,16.65,14.55,14.2,16.2,15.65
12.2,14.55,14.2,16.2,15.65,12.2
9.9,14.2,16.2,15.65,12.2,9.9
14.65,16.2,15.65,12.2,9.9,14.65
16.15,15.65,12.2,9.9,14.65,16.15
13.75,12.2,9.9,14.65,16.15,13.75
10.55,9.9,14.65,16.15,13.75,10.55
15.2,14.65,16.15,13.75,10.55,15.2
12.35,16.15,13.75,10.55,15.2,12.35
12.2,13.75,10.55,15.2,12.35,12.2
10.8,10.55,15.2,12.35,12.2,10.8
12.95,15.2,12.35,12.2,10.8,12.95
13.25,12.35,12.2,10.8,12.95,13.25
15.7,12.2,10.8,12.95,13.25,15.7
12.0,10.8,12.95,13.25,15.7,12.0
12.95,12.95,13.25,15.7,12.0,12.95
11.8,13.25,15.7,12.0,12.95,11.8
14.5,15.7,12.0,12.95,11.8,14.5
16.1,12.0,12.95,11.8,14.5,16.1
13.45,12.95,11.8,14.5,16.1,13.45
15.5,11.8,14.5,16.1,13.45,15.5
14.9,14.5,16.1,13.45,15.5,14.9
15.25,16.1,13.45,15.5,14.9,15.25
11.75,13.45,15.5,14.9,15.25,11.75
15.7,15.5,14.9,15.25,11.75,15.7
8.0,14.9,15.25,11.75,15.7,8.0
12.3,15.25,11.75,15.7,8.0,12.3
12.0,11.75,15.7,8.0,12.3,12.0
14.2,15.7,8.0,12.3,12.0,14.2
13.85,8.0,12.3,12.0,14.2,13.85
14.9,12.3,12.0,14.2,13.85,14.9
15.0,12.0,14.2,13.85,14.9,15.0
15.35,14.2,13.85,14.9,15.0,15.35
15.8,13.85,14.9,15.0,15.35,15.8
14.1,14.9,15.0,15.35,15.8,14.1
13.45,15.0,15.35,15.8,14.1,13.45
15.0,15.35,15.8,14.1,13.45,15.0
13.85,15.8,14.1,13.45,15.0,13.85
15.2,14.1,13.45,15.0,13.85,15.2
13.95,13.45,15.0,13.85,15.2,13.95
11.7,15.0,13.85,15.2,13.95,11.7
16.85,13.85,15.2,13.95,11.7,16.85
14.6,15.2,13.95,11.7,16.85,14.6
10.75,13.95,11.7,16.85,14.6,10.75
14.55,11.7,16.85,14.6,10.75,14.55
14.4,16.85,14.6,10.75,14.55,14.4
13.0,14.6,10.75,14.55,14.4,13.0
13.6,10.75,14.55,14.4,13.0,13.6
16.2,14.55,14.4,13.0,13.6,16.2
11.05,14.4,13.0,13.6,16.2,11.05
14.05,13.0,13.6,16.2,11.05,14.05
15.55,13.6,16.2,11.05,14.05,15.55
11.4,16.2,11.05,14.05,15.55,11.4
16.45,11.05,14.05,15.55,11.4,16.45
11.4,14.05,15.55,11.4,16.45,11.4
15.75,15.55,11.4,16.45,11.4,15.75
