12.9,16.75,14.8,14.85,13.55,12.9
11.6,14.8,14.85,13.55,12.9,11.6
14.0,14.85,13.55,12.9,11.6,14.0
11.65,13.55,12.9,11.6,14.0,11.65
15.35,12.9,11.6,14.0,11.65,15.35
9.75,11.6,14.0,11.65,15.35,9.75
17.35,14.0,11.65,15.35,9.75,17.35
13.95,11.65,15.35,9.75,17.35,13.95
16.95,15.35,9.75,17.35,13.95,16.95
15.15,9.75,17.35,13.95,16.95,15.15
14.4,17.35,13.95,16.95,15.15,14.4
12.2,13.95,16.95,15.15,14.4,12.2
15.6,16.95,15.15,14.4,12.2,15.6
12.1,15.15,14.4,12.2,15.6,12.1
16.05,14.4,12.2,15.6,12.1,16.05
17.0,12.2,15.6,12.1,16.05,17.0
6.8,15.6,12.1,16.05,17.0,6.8
14.15,12.1,16.05,17.0,6.8,14.15
14.95,16.05,17.0,6.8,14.15,14.95
15.65,17.0,6.8,14.15,14.95,15.65
12.35,6.8,14.15,14.95,15.65,12.35
14.0,14.15,14.95,15.65,12.35,14.0
17.35,14.95,15.65,12.35,14.0,17.35
14.2,15.65,12.35,14.0,17.35,14.2
14.85,12.35,14.0,17.35,14.2,14.85
14.0,14.0,17.35,14.2,14.85,14.0
14.65,17.35,14.2,14.85,14.0,14.65
16.35,14.2,14.85,14.0,14.65,16.35
16.8,14.85,14.0,14.65,16.35,16.8
12.7,14.0,14.65,16.35,16.8,12.7
13.55,14.65,16.35,16.8,12.7,13.55
17.05,16.35,16.8,12.7,13.55,17.05
15.9,16.8,12.7,13.55,17.05,15.9
11.55,12.7,13.55,17.05,15.9,11.55
15.65,13.55,17.05,15.9,11.55,15.65
13.55,17.05,15.9,11.55,15.65,13.55
12.8,15.9,11.55,15.65,13.55,12.8
13.15,11.55,15.65,13.55,12.8,13.15
13.2,15.65,13.55,12.8,13.15,13.2
15.25,13.55,12.8,13.15,13.2,15.25
13.4,12.8,13.15,13.2,15.25,13.4
15.25,13.15,13.2,15.25,13.4,15.25
10.85,13.2,15.25,13.4,15.25,10.85
13.05,15.25,13.4,15.25,10.85,13.05
17.0,13.4,15.25,10.85,13.05,17.0
13.6,15.25,10.85,13.05,17.0,13.6
10.9,10.85,13.05,17.0,13.6,10.9
15.45,13.05,17.0,13.6,10.9,15.45
11.95,17.0,13.6,10.9,15.45,11.95
14.45,13.6,10.9,15.45,11.95,14.45
15.3,10.9,15.45,11.95,14.45,15.3
15.3,15.45,11.95,14.45,15.3,15.3
14.7,11.95,14.45,15.3,15.3,14.7
14.2,14.45,15.3,15.3,14.7,14.2
13.45,15.3,15.3,14.7,14.2,13.45
8.5,15.3,14.7,14.2,13.45,8.5
6.65,14.7,14.2,13.45,8.5,6.65
17.15,14.2,13.45,8.5,6.65,17.15
12.35,13.45,8.5,6.65,17.15,12.35
11.0,8.5,6.65,17.15,12.35,11.0
15.35,6.65,17.15,12.35,11.0,15.35
13.75,17.15,12.35,11.0,15.35,13.75
15.15,12.35,11.0,15.35,13.75,15.15
13.5,11.0,15.35,13.75,15.15,13.5
13.35,15.35,13.75,15.15,13.5,13.35
15.25,13.75,15.15,13.5,13.35,15.25
15.75,15.15,13.5,13.35,15.25,15.75
13.95,13.5,13.35,15.25,15.75,13.95
12.45,13.35,15.25,15.75,13.95,12.45
16.75,15.25,15.75,13.95,12.45,16.75
16.05,15.75,13.95,12.45,16.75,16.05
17.15,13.95,12.45,16.75,16.05,17.15
16.95,12.45,16.75,16.05,17.15,16.95
13.75,16.75,16.05,17.15,16.95,13.75
15.65,16.05,17.15,16.95,13.75,15.65
12.9,17.15,16.95,13.75,15.65,12.9
12.05,16.95,13.75,15.65,12.9,12.05
15.95,13.75,15.65,12.9,12.05,15.95
15.9,15.65,12.9,12.05,15.95,15.9
16.75,12.9,12.05,15.95,15.9,16.75
13.35,12.05,15.95,15.9,16.75,13.35
15.5,15.95,15.9,16.75,13.35,15.5
10.95,15.9,16.75,13.35,15.5,10.95
12.0,16.75,13.35,15.5,10.95,12.0
14.15,13.35,15.5,10.95,12.0,14.15
13.75,15.5,10.95,12.0,14.15,13.75
14.65,10.95,12.0,14.15,13.75,14.65
15.85,12.0,14.15,13.75,14.65,15.85
13.85,14.15,13.75,14.65,15.85,13.85
12.95,13.75,14.65,15.85,13.85,12.95
11.9,14.65,15.85,13.85,12.95,11.9
16.45,15.85,13.85,12.95,11.9,16.45
13.85,13.85,12.95,11.9,16.45,13.85
8.85,12.95,11.9,16.45,13.85,8.85
13.1,11.9,16.45,13.85,8.85,13.1
