14.25,12.6,13.9,12.95,15.65,14.25
16.7,13.9,12.95,15.65,14.25,16.7
15.8,12.95,15.65,14.25,16.7,15.8
12.1,15.65,14.25,16.7,15.8,12.1
13.7,14.25,16.7,15.8,12.1,13.7
13.7,16.7,15.8,12.1,13.7,13.7
16.3,15.8,12.1,13.7,13.7,16.3
13.0,12.1,13.7,13.7,16.3,13.0
16.35,13.7,13.7,16.3,13.0,16.35
14.2,13.7,16.3,13.0,16.35,14.2
14.6,16.3,13.0,16.35,14.2,14.6
15.85,13.0,16.35,14.2,14.6,15.85
12.0,16.35,14.2,14.6,15.85,12.0
20.95,14.2,14.6,15.85,12.0,20.95
14.65,14.6,15.85,12.0,20.95,14.65
15.1,15.85,12.0,20.95,14.65,15.1
16.25,12.0,20.95,14.65,15.1,16.25
14.85,20.95,14.65,15.1,16.25,14.85
13.45,14.65,15.1,16.25,14.85,13.45
14.1,15.1,16.25,14.85,13.45,14.1
12.0,16.25,14.85,13.45,14.1,12.0
14.75,14.85,13.45,14.1,12.0,14.75
13.3,13.45,14.1,12.0,14.75,13.3
14.45,14.1,12.0,14.75,13.3,14.45
10.8,12.0,14.75,13.3,14.45,10.8
12.65,14.75,13.3,14.45,10.8,12.65
13.5,13.3,14.45,10.8,12.65,13.5
13.65,14.45,10.8,12.65,13.5,13.65
12.45,10.8,12.65,13.5,13.65,12.45
14.5,12.65,13.5,13.65,12.45,14.5
14.2,13.5,13.65,12.45,14.5,14.2
14.8,13.65,12.45,14.5,14.2,14.8
16.3,12.45,14.5,14.2,14.8,16.3
12.75,14.5,14.2,14.8,16.3,12.75
16.35,14.2,14.8,16.3,12.75,16.35
11.65,14.8,16.3,12.75,16.35,11.65
14.2,16.3,12.75,16.35,11.65,14.2
14.65,12.75,16.35,11.65,14.2,14.65
15.85,16.35,11.65,14.2,14.65,15.85
12.15,11.65,14.2,14.65,15.85,12.15
14.65,14.2,14.65,15.85,12.15,14.65
15.0,14.65,15.85,12.15,14.65,15.0
14.8,15.85,12.15,14.65,15.0,14.8
21.0,12.15,14.65,15.0,14.8,21.0
15.0,14.65,15.0,14.8,21.0,15.0
13.0,15.0,14.8,21.0,15.0,13.0
11.75,14.8,21.0,15.0,13.0,11.75
8.55,21.0,15.0,13.0,11.75,8.55
14.25,15.0,13.0,11.75,8.55,14.25
16.85,13.0,11.75,8.55,14.25,16.85
13.25,11.75,8.55,14.25,16.85,13.25
10.5,8.55,14.25,16.85,13.25,10.5
16.85,14.25,16.85,13.25,10.5,16.85
16.75,16.85,13.25,10.5,16.85,16.75
12.2,13.25,10.5,16.85,16.75,12.2
14.7,10.5,16.85,16.75,12.2,14.7
14.65,16.85,16.75,12.2,14.7,14.65
16.95,16.75,12.2,14.7,14.65,16.95
16.0,12.2,14.7,14.65,16.95,16.0
16.7,14.7,14.65,16.95,16.0,16.7
14.15,14.65,16.95,16.0,16.7,14.15
14.55,16.95,16.0,16.7,14.15,14.55
16.0,16.0,16.7,14.15,14.55,16.0
13.3,16.7,14.15,14.55,16.0,13.3
14.2,14.15,14.55,16.0,13.3,14.2
15.45,14.55,16.0,13.3,14.2,15.45
12.5,16.0,13.3,14.2,15.45,12.5
17.1,13.3,14.2,15.45,12.5,17.1
13.15,14.2,15.45,12.5,17.1,13.15
16.0,15.45,12.5,17.1,13.15,16.0
14.15,12.5,17.1,13.15,16.0,14.15
13.3,17.1,13.15,16.0,14.15,13.3
17.05,13.15,16.0,14.15,13.3,17.05
12.8,16.0,14.15,13.3,17.05,12.8
11.65,14.15,13.3,17.05,12.8,11.65
12.2,13.3,17.05,12.8,11.65,12.2
12.75,17.05,12.8,11.65,12.2,12.75
14.25,12.8,11.65,12.2,12.75,14.25
17.1,11.65,12.2,12.75,14.25,17.1
15.6,12.2,12.75,14.25,17.1,15.6
14.2,12.75,14.25,17.1,15.6,14.2
10.5,14.25,17.1,15.6,14.2,10.5
13.15,17.1,15.6,14.2,10.5,13.15
14.6,15.6,14.2,10.5,13.15,14.6
13.55,14.2,10.5,13.15,14.6,13.55
17.25,10.5,13.15,14.6,13.55,17.25
12.45,13.15,14.6,13.55,17.25,12.45
11.6,14.6,13.55,17.25,12.45,11.6
11.65,13.55,17.25,12.45,11.6,11.65
14.9,17.25,12.45,11.6,11.65,14.9
17.1,12.45,11.6,11.65,14.9,17.1
14.8,11.6,11.65,14.9,17.1,14.8
10.3,11.65,14.9,17.1,14.8,10.3
13.55,14.9,17.1,14.8,10.3,13.55
12.45,17.1,14.8,10.3,13.55,12.45
