11.3,13.2,14.05,14.75,13.4,11.3
16.55,14.05,14.75,13.4,11.3,16.55
12.15,14.75,13.4,11.3,16.55,12.15
13.8,13.4,11.3,16.55,12.15,13.8
12.1,11.3,16.55,12.15,13.8,12.1
13.7,16.55,12.15,13.8,12.1,13.7
11.7,12.15,13.8,12.1,13.7,11.7
14.95,13.8,12.1,13.7,11.7,14.95
13.55,12.1,13.7,11.7,14.95,13.55
12.1,13.7,11.7,14.95,13.55,12.1
14.5,11.7,14.95,13.55,12.1,14.5
16.5,14.95,13.55,12.1,14.5,16.5
14.55,13.55,12.1,14.5,16.5,14.55
14.9,12.1,14.5,16.5,14.55,14.9
15.0,14.5,16.5,14.55,14.9,15.0
13.85,16.5,14.55,14.9,15.0,13.85
13.35,14.55,14.9,15.0,13.85,13.35
13.75,14.9,15.0,13.85,13.35,13.75
15.55,15.0,13.85,13.35,13.75,15.55
15.05,13.85,13.35,13.75,15.55,15.05
15.7,13.35,13.75,15.55,15.05,15.7
8.75,13.75,15.55,15.05,15.7,8.75
14.5,15.55,15.05,15.7,8.75,14.5
12.15,15.05,15.7,8.75,14.5,12.15
14.2,15.7,8.75,14.5,12.15,14.2
13.0,8.75,14.5,12.15,14.2,13.0
14.95,14.5,12.15,14.2,13.0,14.95
14.65,12.15,14.2,13.0,14.95,14.65
8.5,14.2,13.0,14.95,14.65,8.5
15.8,13.0,14.95,14.65,8.5,15.8
14.35,14.95,14.65,8.5,15.8,14.35
14.25,14.65,8.5,15.8,14.35,14.25
11.7,8.5,15.8,14.35,14.25,11.7
10.5,15.8,14.35,14.25,11.7,10.5
15.3,14.35,14.25,11.7,10.5,15.3
14.85,14.25,11.7,10.5,15.3,14.85
13.75,11.7,10.5,15.3,14.85,13.75
14.5,10.5,15.3,14.85,13.75,14.5
16.25,15.3,14.85,13.75,14.5,16.25
15.8,14.85,13.75,14.5,16.25,15.8
14.25,13.75,14.5,16.25,15.8,14.25
14.8,14.5,16.25,15.8,14.25,14.8
12.5,16.25,15.8,14.25,14.8,12.5
16.6,15.8,14.25,14.8,12.5,16.6
16.95,14.25,14.8,12.5,16.6,16.95
12.95,14.8,12.5,16.6,16.95,12.95
15.25,12.5,16.6,16.95,12.95,15.25
13.05,16.6,16.95,12.95,15.25,13.05
12.25,16.95,12.95,15.25,13.05,12.25
13.05,12.95,15.25,13.05,12.25,13.05
13.25,15.25,13.05,12.25,13.05,13.25
13.0,13.05,12.25,13.05,13.25,13.0
15.55,12.25,13.05,13.25,13.0,15.55
8.4,13.05,13.25,13.0,15.55,8.4
15.9,13.25,13.0,15.55,8.4,15.9
16.2,13.0,15.55,8.4,15.9,16.2
12.7,15.55,8.4,15.9,16.2,12.7
14.95,8.4,15.9,16.2,12.7,14.95
13.0,15.9,16.2,12.7,14.95,13.0
8.4,16.2,12.7,14.95,13.0,8.4
14.05,12.7,14.95,13.0,8.4,14.05
13.95,14.95,13.0,8.4,14.05,13.95
16.4,13.0,8.4,14.05,13.95,16.4
14.95,8.4,14.05,13.95,16.4,14.95
12.05,14.05,13.95,16.4,14.95,12.05
14.75,13.95,16.4,14.95,12.05,14.75
16.75,16.4,14.95,12.05,14.75,16.75
16.2,14.95,12.05,14.75,16.75,16.2
15.65,12.05,14.75,16.75,16.2,15.65
13.25,14.75,16.75,16.2,15.65,13.25
13.35,16.75,16.2,15.65,13.25,13.35
15.8,16.2,15.65,13.25,13.35,15.8
16.15,15.65,13.25,13.35,15.8,16.15
14.6,13.25,13.35,15.8,16.15,14.6
14.5,13.35,15.8,16.15,14.6,14.5
17.15,15.8,16.15,14.6,14.5,17.15
12.9,16.15,14.6,14.5,17.15,12.9
16.65,14.6,14.5,17.15,12.9,16.65
12.0,14.5,17.15,12.9,16.65,12.0
14.5,17.15,12.9,16.65,12.0,14.5
13.3,12.9,16.65,12.0,14.5,13.3
14.1,16.65,12.0,14.5,13.3,14.1
12.0,12.0,14.5,13.3,14.1,12.0
13.45,14.5,13.3,14.1,12.0,13.45
15.05,13.3,14.1,12.0,13.45,15.05
14.6,14.1,12.0,13.45,15.05,14.6
15.85,12.0,13.45,15.05,14.6,15.85
11.35,13.45,15.05,14.6,15.85,11.35
14.6,15.05,14.6,15.85,11.35,14.6
13.9,14.6,15.85,11.35,14.6,13.9
13.0,15.85,11.35,14.6,13.9,13.0
15.9,11.35,14.6,13.9,13.0,15.9
15.45,14.6,13.9,13.0,15.9,15.45
12.6,13.9,13.0,15.9,15.45,12.6
13.0,13.0,15.9,15.45,12.6,13.0
